Epoch Train_CE Train_Accuracy Validation_CE Validation_Accuracy
0 0.850371 0.728974 0.779680 0.750168 0.94 0.38 0.89 0.82 0.86 0.79 0.72 0.83 0.39 0.41 0.48 0.85 0.84 0.46 0.93 0.95 
1 1.584820 0.744856 0.741025 0.754351 0.94 0.51 0.94 0.89 0.81 0.78 0.67 0.62 0.70 0.03 0.48 0.87 1.00 0.96 0.87 0.74 
2 0.540006 0.822276 0.563972 0.828582 0.95 0.56 0.95 0.85 0.85 0.85 0.79 0.80 0.65 0.74 0.69 0.81 1.00 0.96 0.92 0.95 
3 0.438568 0.852115 0.567765 0.828173 0.97 0.72 0.90 0.88 0.84 0.77 0.83 0.81 0.69 0.77 0.14 0.93 1.00 0.91 0.93 0.96 
4 0.406794 0.863878 0.589358 0.831827 0.95 0.70 0.90 0.88 0.86 0.86 0.74 0.82 0.68 0.62 0.49 0.87 0.99 0.96 0.93 0.93 
5 7.306813 0.396987 2.688499 0.093750 0.00 0.00 0.00 0.00 0.00 0.00 0.00 1.00 0.00 0.00 0.00 0.00 0.00 0.00 0.00 0.00 
6 2.736478 0.082740 2.686181 0.093750 0.00 0.00 0.00 0.00 0.00 0.00 0.00 1.00 0.00 0.00 0.00 0.00 0.00 0.00 0.00 0.00 
7 2.734364 0.083830 2.685730 0.093750 0.00 0.00 0.00 0.00 0.00 0.00 1.00 0.00 0.00 0.00 0.00 0.00 0.00 0.00 0.00 0.00 
8 2.733001 0.083510 2.675658 0.093750 0.00 0.00 0.00 0.00 0.00 0.00 1.00 0.00 0.00 0.00 0.00 0.00 0.00 0.00 0.00 0.00 
9 2.733055 0.082917 2.677479 0.093750 0.00 0.00 0.00 0.00 0.00 0.00 1.00 0.00 0.00 0.00 0.00 0.00 0.00 0.00 0.00 0.00 
10 2.731810 0.082276 2.686191 0.093750 0.00 0.00 0.00 0.00 0.00 0.00 1.00 0.00 0.00 0.00 0.00 0.00 0.00 0.00 0.00 0.00 
11 2.731741 0.084407 2.682860 0.093750 0.00 0.00 0.00 0.00 0.00 0.00 1.00 0.00 0.00 0.00 0.00 0.00 0.00 0.00 0.00 0.00 
12 2.732177 0.081378 2.672624 0.093750 0.00 0.00 0.00 0.00 0.00 0.00 1.00 0.00 0.00 0.00 0.00 0.00 0.00 0.00 0.00 0.00 
