Epoch Train_CE Train_Accuracy Validation_CE Validation_Accuracy
0 1.113058 0.651971 0.977803 0.669423 0.97 0.62 0.97 0.61 0.71 0.35 0.71 0.73 0.35 0.12 0.23 0.34 1.00 0.69 0.90 0.80 
1 0.616252 0.791426 0.626721 0.815529 0.97 0.76 0.96 0.90 0.84 0.84 0.64 0.84 0.66 0.69 0.28 0.61 0.99 0.85 0.92 0.87 
2 0.460755 0.844920 0.578417 0.822837 0.96 0.58 0.95 0.80 0.84 0.88 0.72 0.81 0.60 0.76 0.69 0.82 0.99 0.97 0.92 0.93 
3 0.486673 0.842019 0.681510 0.797043 0.89 0.71 0.83 0.80 0.80 0.83 0.78 0.69 0.63 0.65 0.54 0.96 0.98 0.92 0.90 0.95 
4 0.503479 0.834135 0.619606 0.807139 0.95 0.52 0.92 0.87 0.84 0.65 0.77 0.86 0.58 0.81 0.70 0.88 0.99 0.92 0.91 0.93 
5 0.420214 0.857821 0.562585 0.836202 0.96 0.84 0.89 0.83 0.86 0.88 0.78 0.81 0.69 0.72 0.19 0.81 0.99 0.97 0.93 0.90 
6 0.406206 0.865946 0.562027 0.834760 0.94 0.47 0.94 0.92 0.89 0.92 0.81 0.82 0.61 0.72 0.72 0.85 0.99 0.88 0.93 0.94 
7 0.402055 0.868574 0.547435 0.849375 0.96 0.86 0.94 0.87 0.88 0.83 0.73 0.85 0.69 0.77 0.36 0.91 1.00 0.88 0.89 0.92 
8 0.354054 0.881699 0.568791 0.835938 0.95 0.64 0.94 0.81 0.85 0.91 0.80 0.79 0.73 0.63 0.57 0.95 1.00 0.97 0.92 0.92 
9 3.528929 0.839792 0.550695 0.839688 0.97 0.88 0.95 0.82 0.83 0.89 0.73 0.77 0.71 0.72 0.28 0.87 1.00 0.94 0.92 0.93 
10 9.821642 0.754663 0.669095 0.780721 0.94 0.47 0.95 0.85 0.75 0.85 0.63 0.77 0.60 0.65 0.61 0.80 1.00 0.90 0.88 0.93 
11 0.514687 0.824856 0.636800 0.802909 0.93 0.70 0.95 0.85 0.80 0.78 0.65 0.79 0.61 0.75 0.43 0.80 1.00 0.91 0.89 0.94 
12 0.462439 0.842804 0.625464 0.814303 0.92 0.63 0.92 0.89 0.78 0.86 0.71 0.80 0.73 0.76 0.50 0.88 0.98 0.98 0.89 0.84 
13 0.430094 0.852548 0.698379 0.798341 0.90 0.72 0.92 0.81 0.79 0.88 0.77 0.84 0.62 0.56 0.42 0.75 1.00 0.49 0.85 0.97 
14 0.405616 0.861010 0.579263 0.825337 0.95 0.64 0.96 0.85 0.86 0.83 0.73 0.81 0.66 0.72 0.58 0.82 0.99 0.97 0.89 0.93 
15 0.389553 0.867356 0.576271 0.825409 0.91 0.84 0.93 0.84 0.85 0.86 0.80 0.75 0.71 0.43 0.25 0.91 1.00 0.94 0.91 0.95 
16 0.382657 0.871058 0.674721 0.803678 0.93 0.78 0.91 0.83 0.77 0.92 0.68 0.76 0.75 0.28 0.36 0.89 0.97 0.89 0.89 0.94 
17 0.377498 0.871667 0.515970 0.850553 0.95 0.81 0.95 0.91 0.87 0.84 0.75 0.85 0.69 0.77 0.39 0.88 1.00 0.90 0.90 0.93 
18 0.426618 0.863446 0.732268 0.762596 0.93 0.63 0.93 0.81 0.84 0.86 0.60 0.79 0.53 0.74 0.34 0.76 0.33 0.91 0.77 0.82 
19 0.472148 0.849006 0.604260 0.818125 0.95 0.59 0.91 0.83 0.85 0.82 0.83 0.73 0.63 0.67 0.69 0.92 1.00 0.92 0.94 0.93 
20 0.305867 0.898205 0.519244 0.849014 0.94 0.88 0.95 0.86 0.86 0.88 0.73 0.85 0.70 0.67 0.31 0.90 0.99 0.93 0.93 0.90 
21 0.280165 0.904904 0.516555 0.851731 0.94 0.65 0.93 0.88 0.87 0.88 0.83 0.80 0.74 0.69 0.72 0.89 1.00 0.93 0.93 0.95 
22 0.274449 0.906170 0.505891 0.855048 0.96 0.66 0.94 0.88 0.88 0.88 0.83 0.82 0.71 0.73 0.66 0.90 1.00 0.95 0.93 0.93 
23 0.250255 0.914920 0.508830 0.857236 0.95 0.81 0.94 0.86 0.86 0.89 0.80 0.80 0.74 0.74 0.52 0.91 0.99 0.96 0.92 0.95 
24 0.245682 0.916330 0.497828 0.861731 0.96 0.77 0.91 0.89 0.85 0.89 0.82 0.88 0.73 0.70 0.57 0.93 0.96 0.96 0.92 0.94 
25 0.232234 0.919663 0.546171 0.847957 0.96 0.69 0.92 0.85 0.86 0.85 0.87 0.78 0.76 0.65 0.66 0.92 0.99 0.97 0.89 0.93 
26 0.229382 0.921506 0.542749 0.846490 0.94 0.86 0.93 0.87 0.85 0.83 0.81 0.75 0.76 0.65 0.40 0.94 0.97 0.97 0.93 0.91 
27 0.218379 0.925304 0.637062 0.826683 0.97 0.88 0.91 0.80 0.86 0.80 0.77 0.89 0.61 0.62 0.30 0.83 1.00 0.67 0.87 0.93 
28 0.214587 0.927340 0.537312 0.849591 0.94 0.74 0.96 0.86 0.88 0.87 0.79 0.81 0.69 0.69 0.58 0.88 1.00 0.96 0.91 0.93 
29 0.205969 0.928670 0.509364 0.860216 0.95 0.72 0.94 0.91 0.87 0.78 0.84 0.86 0.76 0.75 0.65 0.91 1.00 0.94 0.93 0.94 
30 0.200645 0.931779 0.497169 0.867524 0.96 0.83 0.89 0.90 0.85 0.88 0.83 0.87 0.71 0.78 0.51 0.92 0.98 0.93 0.94 0.94 
31 0.196022 0.933061 0.496285 0.868389 0.96 0.83 0.95 0.86 0.88 0.90 0.78 0.86 0.65 0.76 0.59 0.92 1.00 0.93 0.92 0.94 
32 1.772375 0.922179 0.524919 0.856875 0.95 0.84 0.94 0.90 0.83 0.91 0.73 0.85 0.70 0.71 0.43 0.93 0.99 0.95 0.92 0.93 
33 0.183571 0.936042 0.523857 0.859952 0.96 0.74 0.92 0.88 0.89 0.84 0.79 0.88 0.68 0.77 0.72 0.91 1.00 0.94 0.94 0.91 
34 0.177793 0.938574 0.525580 0.861923 0.97 0.82 0.94 0.86 0.84 0.91 0.82 0.79 0.73 0.74 0.55 0.91 0.99 0.97 0.92 0.94 
35 0.176272 0.938109 0.544304 0.861082 0.96 0.76 0.93 0.86 0.89 0.83 0.85 0.87 0.69 0.66 0.63 0.92 1.00 0.96 0.95 0.92 
36 0.178642 0.937308 0.535129 0.864712 0.95 0.90 0.92 0.89 0.86 0.90 0.79 0.89 0.72 0.57 0.36 0.91 1.00 0.94 0.93 0.93 
37 0.178166 0.939295 0.531407 0.858582 0.95 0.86 0.94 0.87 0.87 0.86 0.78 0.86 0.69 0.71 0.41 0.88 1.00 0.94 0.92 0.93 
38 0.181068 0.937115 0.500826 0.872500 0.96 0.87 0.94 0.86 0.88 0.89 0.80 0.86 0.76 0.76 0.47 0.93 1.00 0.97 0.90 0.94 
39 0.178389 0.938429 0.531396 0.868149 0.95 0.80 0.89 0.88 0.89 0.92 0.79 0.90 0.72 0.63 0.62 0.95 0.99 0.94 0.93 0.93 
40 0.137653 0.952019 0.556588 0.857428 0.94 0.86 0.94 0.87 0.83 0.81 0.85 0.85 0.70 0.68 0.45 0.95 1.00 0.96 0.92 0.92 
41 0.128879 0.955369 0.520442 0.870505 0.95 0.81 0.93 0.89 0.88 0.88 0.79 0.88 0.73 0.76 0.58 0.93 0.98 0.97 0.95 0.93 
