Epoch Train_CE Train_Accuracy Validation_CE Validation_Accuracy
0 168.890889 0.083942 6.148820 0.097572 0.00 0.00 0.00 1.00 0.00 0.00 0.00 0.03 0.02 0.00 0.00 0.00 0.00 0.00 0.00 0.00 
1 26.158279 0.089920 3.818797 0.129736 0.18 0.00 0.00 0.00 0.11 0.00 0.98 0.10 0.06 0.00 0.00 0.00 0.00 0.00 0.01 0.00 
2 5.444953 0.078333 3.094774 0.185192 0.64 0.00 0.00 0.00 0.00 0.77 0.00 0.54 0.00 0.00 0.00 0.01 0.00 0.04 0.00 0.02 
3 3.214209 0.123333 2.904886 0.145745 0.93 0.00 0.00 0.00 0.00 0.32 0.00 0.22 0.00 0.00 0.00 0.01 0.00 0.00 0.26 0.00 
4 2.424093 0.272196 2.264714 0.302187 0.73 0.01 0.00 0.53 0.76 0.35 0.00 0.24 0.00 0.00 0.80 0.08 0.00 0.00 0.96 0.00 
5 164.293232 0.268269 7.106117 0.068894 0.00 0.00 0.00 0.00 0.00 0.00 0.00 0.72 0.01 0.00 0.00 0.03 0.00 0.00 0.00 0.00 
6 16.022293 0.094455 3.091304 0.072428 0.00 0.00 0.00 0.00 0.00 0.00 0.00 0.77 0.00 0.00 0.00 0.00 0.00 0.00 0.00 0.00 
7 8.479035 0.108349 2.958450 0.142332 0.01 0.96 0.00 0.00 0.00 0.00 0.00 0.42 0.00 0.00 0.00 0.00 0.00 0.00 0.38 0.00 
8 5.145170 0.113221 16.083969 0.105769 0.00 0.99 0.00 0.00 0.00 0.00 0.00 0.13 0.00 0.00 0.00 0.00 0.00 0.00 0.02 0.00 
9 4.036189 0.109054 5.060217 0.082115 0.00 0.36 0.00 0.00 0.00 0.09 0.00 0.00 0.00 0.25 0.02 0.00 0.00 0.00 1.00 0.00 
10 2.698024 0.217067 1.959021 0.386298 0.57 0.17 0.00 0.82 0.64 0.53 0.12 0.93 0.00 0.29 0.01 0.00 0.00 0.00 0.69 0.00 
11 2.055941 0.368478 1.630399 0.454183 0.88 0.25 0.00 0.78 0.76 0.03 0.65 0.79 0.14 0.12 0.07 0.88 0.00 0.00 0.92 0.00 
12 1.686206 0.471186 1.160728 0.599207 0.96 0.46 0.00 0.81 0.85 0.66 0.64 0.69 0.49 0.04 0.16 0.82 0.09 0.88 0.84 0.65 
13 1.434189 0.560016 0.990206 0.712668 0.94 0.40 0.96 0.81 0.82 0.80 0.64 0.74 0.66 0.09 0.03 0.05 0.96 0.84 0.92 0.95 
14 1.247775 0.645689 0.837195 0.745817 0.95 0.57 0.97 0.87 0.87 0.74 0.75 0.56 0.49 0.15 0.08 0.55 1.00 0.96 0.84 0.96 
15 1.045365 0.701779 0.754085 0.773942 0.94 0.39 0.95 0.86 0.85 0.89 0.83 0.80 0.48 0.04 0.45 0.59 1.00 0.89 0.89 0.89 
16 0.877921 0.742179 0.704515 0.790312 0.97 0.47 0.94 0.86 0.87 0.86 0.81 0.80 0.60 0.17 0.21 0.71 1.00 0.98 0.89 0.95 
17 0.822390 0.756138 0.649084 0.813702 0.92 0.89 0.93 0.89 0.84 0.91 0.75 0.75 0.55 0.06 0.02 0.90 1.00 0.97 0.93 0.97 
18 0.773072 0.767772 0.664458 0.803125 0.92 0.71 0.96 0.85 0.87 0.91 0.81 0.73 0.72 0.08 0.05 0.81 1.00 0.92 0.89 0.96 
19 0.669437 0.797548 0.653842 0.808894 0.92 0.64 0.96 0.89 0.92 0.75 0.79 0.85 0.59 0.16 0.39 0.80 1.00 0.93 0.89 0.96 
20 0.536393 0.834952 0.546255 0.836659 0.96 0.55 0.96 0.88 0.91 0.93 0.87 0.82 0.71 0.12 0.61 0.84 1.00 0.99 0.91 0.95 
21 0.491452 0.851426 0.534882 0.848221 0.95 0.75 0.96 0.88 0.90 0.79 0.82 0.81 0.68 0.68 0.46 0.88 1.00 0.98 0.89 0.96 
22 0.464023 0.858702 0.533967 0.856490 0.95 0.73 0.96 0.89 0.88 0.92 0.85 0.87 0.69 0.46 0.39 0.90 1.00 0.95 0.92 0.98 
23 0.430387 0.869343 0.532704 0.850385 0.89 0.65 0.96 0.90 0.89 0.88 0.83 0.81 0.73 0.64 0.70 0.86 1.00 0.95 0.92 0.96 
24 0.415402 0.874135 0.480062 0.870673 0.97 0.81 0.96 0.92 0.89 0.90 0.83 0.79 0.71 0.66 0.55 0.88 1.00 0.99 0.92 0.96 
25 0.395289 0.880753 0.475158 0.866875 0.96 0.77 0.95 0.90 0.85 0.88 0.81 0.88 0.76 0.58 0.65 0.89 1.00 0.95 0.95 0.96 
26 0.392017 0.881795 0.484656 0.875793 0.96 0.82 0.96 0.90 0.88 0.89 0.82 0.83 0.74 0.70 0.59 0.93 1.00 0.98 0.93 0.97 
27 0.376878 0.886074 0.491601 0.861635 0.96 0.72 0.96 0.87 0.89 0.84 0.83 0.85 0.72 0.63 0.69 0.91 1.00 0.99 0.92 0.95 
28 0.384201 0.886042 0.495387 0.866322 0.97 0.76 0.97 0.87 0.89 0.88 0.86 0.82 0.66 0.65 0.62 0.91 1.00 0.96 0.93 0.96 
29 0.353623 0.893061 0.503986 0.874135 0.97 0.80 0.96 0.90 0.91 0.83 0.87 0.85 0.72 0.65 0.63 0.91 1.00 0.97 0.86 0.96 
30 0.345957 0.895304 0.503101 0.868413 0.96 0.72 0.97 0.92 0.91 0.88 0.82 0.80 0.68 0.74 0.70 0.85 1.00 0.96 0.92 0.97 
31 0.332300 0.901442 0.483744 0.868654 0.97 0.75 0.95 0.88 0.87 0.90 0.83 0.82 0.77 0.64 0.69 0.93 1.00 0.94 0.94 0.96 
32 0.330409 0.901314 0.501271 0.870288 0.95 0.75 0.96 0.86 0.90 0.83 0.86 0.86 0.74 0.69 0.73 0.91 1.00 0.96 0.93 0.97 
33 0.319977 0.905321 0.514294 0.863077 0.94 0.78 0.97 0.89 0.79 0.85 0.84 0.83 0.79 0.72 0.72 0.87 1.00 0.96 0.92 0.96 
34 0.309368 0.906522 0.465946 0.883702 0.97 0.81 0.96 0.91 0.91 0.89 0.86 0.87 0.69 0.61 0.68 0.90 1.00 1.00 0.92 0.97 
35 0.305005 0.908510 0.499828 0.872019 0.97 0.79 0.96 0.89 0.89 0.84 0.84 0.85 0.72 0.70 0.61 0.91 1.00 0.97 0.92 0.96 
36 0.303978 0.908077 0.501722 0.866683 0.97 0.83 0.96 0.87 0.89 0.88 0.83 0.77 0.72 0.57 0.64 0.92 1.00 0.99 0.92 0.96 
37 0.295120 0.911362 0.477286 0.876659 0.96 0.74 0.96 0.91 0.89 0.89 0.82 0.87 0.77 0.68 0.73 0.90 1.00 0.95 0.92 0.97 
38 0.294909 0.912756 0.480334 0.881106 0.96 0.81 0.96 0.89 0.89 0.90 0.85 0.88 0.72 0.65 0.64 0.95 1.00 0.91 0.92 0.97 
39 0.287895 0.913462 0.474923 0.873942 0.97 0.84 0.97 0.89 0.87 0.88 0.86 0.83 0.74 0.62 0.58 0.86 1.00 0.95 0.91 0.96 
40 0.244433 0.925769 0.450201 0.883558 0.98 0.83 0.96 0.89 0.89 0.89 0.83 0.86 0.78 0.70 0.65 0.91 1.00 0.97 0.89 0.96 
41 0.239310 0.927676 0.454314 0.886442 0.96 0.84 0.97 0.89 0.89 0.90 0.84 0.88 0.73 0.66 0.64 0.92 1.00 0.98 0.92 0.97 
42 0.230618 0.929247 0.464711 0.882812 0.97 0.79 0.97 0.89 0.89 0.88 0.84 0.88 0.76 0.72 0.68 0.93 1.00 0.96 0.91 0.96 
43 0.224314 0.931042 0.466138 0.883534 0.97 0.79 0.96 0.91 0.89 0.89 0.81 0.87 0.74 0.72 0.75 0.95 1.00 0.97 0.91 0.96 
44 0.217678 0.933269 0.474583 0.881490 0.97 0.81 0.97 0.88 0.88 0.89 0.86 0.86 0.74 0.63 0.72 0.93 1.00 0.98 0.92 0.96 
45 0.217085 0.934183 0.516013 0.873437 0.98 0.81 0.96 0.88 0.88 0.85 0.85 0.80 0.71 0.66 0.73 0.92 1.00 0.99 0.92 0.96 
46 0.214371 0.934519 0.483100 0.878606 0.96 0.84 0.97 0.86 0.88 0.92 0.83 0.83 0.71 0.73 0.63 0.92 1.00 0.96 0.93 0.97 
47 0.218497 0.933397 0.480126 0.880000 0.98 0.82 0.97 0.87 0.89 0.85 0.85 0.88 0.73 0.69 0.65 0.90 1.00 0.96 0.92 0.96 
48 0.213883 0.935240 0.475283 0.880913 0.97 0.86 0.96 0.90 0.90 0.89 0.82 0.81 0.77 0.68 0.63 0.94 1.00 0.98 0.93 0.96 
49 0.208853 0.936859 0.461201 0.882091 0.96 0.86 0.97 0.90 0.88 0.89 0.81 0.87 0.77 0.65 0.62 0.91 1.00 0.95 0.92 0.97 
50 0.200932 0.939135 0.477136 0.884399 0.96 0.84 0.96 0.88 0.89 0.86 0.83 0.92 0.74 0.69 0.68 0.94 1.00 0.96 0.93 0.96 
