Epoch Train_Loss Train_Accuracy Validation_Loss Validation_Accuracy
0 1.575459 0.563333 0.814093 0.770625 0.97 0.79 0.96 0.91 0.85 0.93 0.65 0.54 0.28 0.48 0.00 0.28 1.00 1.00 0.90 0.92 
1 1.005524 0.712500 0.892290 0.722500 0.97 0.73 0.89 0.76 0.79 0.93 0.43 0.29 0.64 0.40 0.00 0.94 1.00 1.00 0.84 0.90 
2 0.866748 0.751667 0.843312 0.753750 0.97 0.57 0.83 0.91 0.73 0.94 0.75 0.34 0.68 0.68 0.66 0.72 1.00 0.46 0.86 0.94 
3 0.704023 0.801250 0.596528 0.832500 0.94 0.84 0.95 0.85 0.85 0.79 0.80 0.87 0.68 0.80 0.14 0.74 1.00 0.80 0.88 0.94 
4 0.644718 0.810417 0.610143 0.831250 0.99 0.87 0.95 0.81 0.83 0.81 0.87 0.85 0.42 0.54 0.02 0.86 0.98 0.96 0.88 0.96 
5 0.629113 0.819583 0.682078 0.792500 0.95 0.77 0.89 0.91 0.73 0.77 0.80 0.66 0.74 0.64 0.24 0.94 1.00 0.52 0.92 0.94 
6 0.627729 0.822083 0.895237 0.726875 0.85 0.66 0.14 0.86 0.89 0.89 0.78 0.94 0.78 0.68 0.16 0.90 0.02 0.94 0.90 0.84 
7 0.615688 0.821667 0.728167 0.791250 0.97 0.84 0.95 0.84 0.80 0.83 0.60 0.59 0.46 0.58 0.16 0.94 1.00 0.98 0.98 0.96 
8 0.535823 0.849167 0.510876 0.847500 0.97 0.57 0.91 0.93 0.81 0.95 0.79 0.87 0.56 0.60 0.84 0.90 1.00 0.98 0.88 0.96 
9 0.528627 0.845833 0.525288 0.836875 0.96 0.77 0.97 0.87 0.87 0.86 0.73 0.88 0.74 0.66 0.48 0.60 1.00 0.74 0.92 0.88 
10 0.528061 0.844583 0.555581 0.820000 0.99 0.69 0.91 0.91 0.90 0.81 0.89 0.78 0.78 0.52 0.24 0.40 0.94 0.94 0.88 0.94 
11 0.481252 0.856667 0.507792 0.845625 0.98 0.90 0.95 0.95 0.89 0.85 0.83 0.83 0.54 0.72 0.14 0.68 1.00 0.96 0.90 0.56 
12 0.449931 0.868333 0.495957 0.866875 0.97 0.95 0.93 0.93 0.87 0.83 0.84 0.82 0.66 0.76 0.06 0.94 1.00 0.96 0.94 0.96 
13 0.501490 0.854583 0.558936 0.852500 0.95 0.78 0.89 0.87 0.85 0.88 0.87 0.90 0.84 0.50 0.38 0.92 1.00 0.88 0.90 0.86 
14 0.499057 0.852917 0.537625 0.829375 0.97 0.61 0.97 0.94 0.88 0.81 0.77 0.85 0.70 0.70 0.70 0.86 1.00 0.28 0.94 0.92 
15 0.416538 0.879167 0.635115 0.790000 0.98 0.78 0.33 0.84 0.91 0.91 0.89 0.78 0.70 0.56 0.24 0.86 1.00 0.96 0.90 0.80 
16 0.399841 0.875833 0.665236 0.797500 0.96 0.39 0.99 0.88 0.91 0.92 0.76 0.84 0.26 0.60 0.84 0.52 1.00 0.46 0.92 0.96 
17 0.451033 0.868333 0.484711 0.853125 0.97 0.57 0.95 0.92 0.88 0.79 0.85 0.91 0.76 0.64 0.76 0.92 1.00 0.84 0.88 0.96 
18 0.434355 0.864167 0.441475 0.880000 0.98 0.87 0.94 0.91 0.92 0.91 0.81 0.93 0.76 0.64 0.28 0.86 1.00 0.96 0.86 0.94 
19 0.384007 0.885417 0.444798 0.865625 0.99 0.65 0.94 0.92 0.91 0.93 0.85 0.81 0.80 0.74 0.60 0.70 1.00 0.96 0.92 0.96 
20 0.347705 0.897917 0.455510 0.857500 0.98 0.61 0.97 0.93 0.87 0.90 0.81 0.89 0.50 0.66 0.80 0.92 1.00 0.80 0.94 0.96 
21 0.291374 0.907083 0.462401 0.869375 0.98 0.79 0.96 0.91 0.92 0.89 0.79 0.76 0.82 0.70 0.56 0.90 1.00 0.94 0.92 0.96 
22 0.291440 0.906250 0.416258 0.876250 0.97 0.81 0.97 0.93 0.90 0.86 0.81 0.87 0.74 0.64 0.56 0.88 1.00 0.94 0.94 0.96 
23 0.289673 0.912917 0.416426 0.878750 0.97 0.71 0.97 0.91 0.89 0.87 0.88 0.85 0.82 0.72 0.78 0.90 1.00 0.92 0.92 0.94 
24 0.282241 0.906250 0.391417 0.892500 0.98 0.81 0.95 0.91 0.87 0.91 0.83 0.93 0.76 0.74 0.78 0.90 1.00 0.88 0.96 0.94 
25 0.262336 0.911250 0.405498 0.881250 0.98 0.89 0.97 0.89 0.91 0.85 0.79 0.93 0.72 0.66 0.40 0.88 0.98 0.96 0.94 0.98 
26 0.286166 0.906250 0.478974 0.856250 0.97 0.55 0.93 0.87 0.88 0.95 0.75 0.91 0.76 0.72 0.84 0.92 1.00 0.86 0.92 0.98 
27 0.262765 0.910833 0.456023 0.863125 0.98 0.59 0.97 0.89 0.89 0.89 0.84 0.93 0.50 0.80 0.78 0.86 1.00 0.88 0.92 0.94 
28 0.277657 0.910833 0.454546 0.865625 0.99 0.71 0.96 0.91 0.91 0.78 0.85 0.85 0.76 0.62 0.82 0.90 1.00 0.82 0.92 0.98 
29 0.271409 0.914167 0.450733 0.868125 0.98 0.57 0.96 0.95 0.85 0.90 0.83 0.88 0.76 0.70 0.90 0.92 1.00 0.90 0.92 0.92 
30 0.273791 0.913750 0.388716 0.896250 0.97 0.85 0.91 0.92 0.91 0.93 0.85 0.89 0.84 0.72 0.70 0.90 0.96 0.94 0.94 0.96 
31 0.254018 0.923750 0.434331 0.889375 0.97 0.81 0.93 0.88 0.89 0.93 0.78 0.91 0.80 0.70 0.82 0.94 1.00 0.98 0.92 0.96 
32 0.284984 0.912500 0.423752 0.874375 0.97 0.83 0.96 0.85 0.88 0.89 0.80 0.91 0.64 0.70 0.72 0.86 1.00 0.86 0.94 0.96 
33 0.239649 0.924167 0.441798 0.885000 0.97 0.83 0.97 0.94 0.89 0.88 0.78 0.86 0.74 0.70 0.76 0.90 1.00 1.00 0.94 0.96 
34 0.253458 0.917917 0.446317 0.873125 0.97 0.72 0.96 0.91 0.91 0.83 0.84 0.87 0.60 0.72 0.82 0.92 1.00 0.96 0.94 0.94 
35 0.254257 0.919167 0.414903 0.886250 0.95 0.85 0.96 0.91 0.90 0.93 0.85 0.88 0.66 0.72 0.66 0.90 0.98 1.00 0.88 0.86 
36 0.267326 0.906250 0.436545 0.880000 0.98 0.59 0.97 0.95 0.91 0.91 0.85 0.88 0.74 0.72 0.88 0.88 1.00 0.98 0.90 0.96 
37 0.261965 0.918750 0.428848 0.878125 0.97 0.80 0.96 0.89 0.88 0.91 0.83 0.85 0.74 0.62 0.62 0.96 1.00 0.94 0.92 0.98 
38 0.254756 0.915833 0.425051 0.879375 0.96 0.90 0.97 0.91 0.91 0.90 0.76 0.83 0.78 0.82 0.32 0.98 1.00 0.96 0.90 0.92 
39 0.249090 0.910833 0.428842 0.874375 0.95 0.87 0.97 0.90 0.89 0.89 0.85 0.83 0.52 0.70 0.62 0.82 1.00 0.98 0.92 0.96 
40 0.224794 0.923333 0.396279 0.890000 0.97 0.80 0.95 0.92 0.93 0.91 0.86 0.90 0.72 0.66 0.58 0.94 1.00 0.98 0.90 0.98 
41 0.211919 0.923333 0.365099 0.899375 0.99 0.80 0.95 0.91 0.91 0.93 0.87 0.90 0.76 0.74 0.78 0.92 1.00 0.90 0.92 0.98 
42 0.186595 0.937917 0.385823 0.889375 0.95 0.73 0.97 0.91 0.91 0.92 0.83 0.92 0.74 0.66 0.86 0.92 1.00 0.96 0.92 0.96 
43 0.207092 0.932500 0.410340 0.880000 0.99 0.61 0.97 0.93 0.91 0.88 0.89 0.87 0.74 0.72 0.84 0.88 1.00 0.94 0.92 0.96 
44 0.194381 0.937083 0.383703 0.891875 0.98 0.83 0.96 0.91 0.89 0.90 0.86 0.87 0.76 0.72 0.64 0.90 1.00 0.98 0.94 0.98 
45 0.185258 0.940000 0.398493 0.886250 0.97 0.75 0.96 0.92 0.91 0.93 0.80 0.90 0.68 0.70 0.80 0.92 1.00 0.96 0.92 0.98 
46 0.198857 0.930000 0.389931 0.895625 0.97 0.83 0.96 0.91 0.90 0.92 0.84 0.92 0.70 0.64 0.80 0.94 1.00 0.92 0.94 0.96 
47 0.181110 0.938750 0.380246 0.897500 0.98 0.87 0.96 0.92 0.89 0.90 0.83 0.94 0.64 0.76 0.76 0.92 1.00 0.94 0.90 0.96 
48 0.167433 0.945417 0.395274 0.891875 0.96 0.81 0.93 0.91 0.90 0.89 0.86 0.93 0.68 0.70 0.84 0.92 1.00 0.92 0.94 0.98 
49 0.180445 0.938333 0.443243 0.883750 0.98 0.71 0.97 0.93 0.88 0.93 0.84 0.81 0.60 0.80 0.94 0.94 1.00 0.98 0.92 0.98 
50 0.202161 0.929167 0.393980 0.886875 0.98 0.74 0.95 0.93 0.91 0.89 0.89 0.85 0.78 0.66 0.82 0.90 1.00 0.92 0.92 0.98 
51 0.184330 0.935000 0.379331 0.898750 0.98 0.95 0.94 0.92 0.91 0.92 0.85 0.90 0.78 0.68 0.36 0.96 1.00 0.98 0.92 0.96 
52 0.184547 0.938333 0.387629 0.898750 0.98 0.87 0.93 0.93 0.89 0.92 0.85 0.91 0.72 0.64 0.70 0.96 1.00 0.98 0.94 0.98 
53 0.201478 0.932917 0.435286 0.881250 0.97 0.81 0.95 0.90 0.87 0.89 0.84 0.94 0.60 0.66 0.68 0.92 1.00 0.94 0.90 0.98 
54 0.193283 0.934583 0.417383 0.883125 0.98 0.79 0.93 0.94 0.90 0.84 0.81 0.94 0.68 0.72 0.78 0.92 1.00 0.86 0.92 0.98 
55 0.186535 0.934167 0.467902 0.867500 0.97 0.52 0.97 0.91 0.92 0.91 0.87 0.87 0.68 0.64 0.84 0.92 1.00 0.96 0.92 0.98 
56 0.170776 0.944167 0.391587 0.901250 0.97 0.84 0.93 0.92 0.91 0.92 0.87 0.95 0.74 0.66 0.80 0.92 1.00 0.92 0.90 0.98 
