Epoch Train_Loss Train_Accuracy Validation_Loss Validation_Accuracy
0 1.494644 0.597917 1.108082 0.647500 0.97 0.95 0.93 0.89 0.81 0.97 0.16 0.06 0.24 0.00 0.00 0.42 1.00 0.80 0.10 0.96 
1 0.981600 0.729583 0.936853 0.696250 0.95 0.99 1.00 0.78 0.59 0.89 0.48 0.49 0.78 0.68 0.00 0.02 0.00 0.72 0.62 0.92 
2 0.774869 0.787500 0.902993 0.715625 0.91 0.11 0.63 0.90 0.93 0.92 0.91 0.51 0.80 0.76 0.00 0.84 1.00 1.00 0.76 0.30 
3 0.689380 0.815417 0.600021 0.813750 0.91 0.87 0.83 0.88 0.88 0.85 0.86 0.53 0.76 0.64 0.18 0.96 1.00 0.84 0.90 0.94 
4 0.664938 0.820417 0.675797 0.803750 0.90 0.69 0.95 0.95 0.55 0.87 0.87 0.51 0.80 0.72 0.50 0.90 1.00 1.00 0.96 0.94 
5 0.609515 0.833750 0.604226 0.816250 0.95 0.44 0.97 0.87 0.83 0.86 0.84 0.85 0.40 0.84 0.76 0.72 1.00 0.78 0.92 0.88 
6 0.574504 0.852083 0.643934 0.818125 0.97 0.97 0.83 0.83 0.86 0.90 0.72 0.92 0.28 0.66 0.12 0.80 1.00 0.70 0.78 0.86 
7 0.591318 0.837917 0.578998 0.830625 0.97 0.73 0.97 0.95 0.88 0.82 0.84 0.87 0.52 0.74 0.00 0.48 1.00 0.96 0.90 0.88 
8 0.489038 0.871250 0.569123 0.848125 0.95 0.93 0.91 0.83 0.90 0.92 0.77 0.93 0.54 0.60 0.32 0.82 1.00 0.62 0.90 0.96 
9 0.480624 0.865417 0.613901 0.840000 0.92 0.97 0.96 0.87 0.88 0.89 0.55 0.88 0.78 0.72 0.20 0.88 1.00 0.80 0.80 0.96 
10 0.432745 0.879583 0.442069 0.878125 0.96 0.90 0.94 0.87 0.89 0.91 0.87 0.89 0.50 0.74 0.44 0.94 1.00 0.88 0.94 0.96 
11 0.425967 0.885417 0.535657 0.846875 0.98 0.83 0.97 0.94 0.87 0.80 0.71 0.64 0.86 0.64 0.68 0.84 1.00 1.00 0.92 0.94 
12 0.445300 0.882083 0.518188 0.845625 0.98 0.92 1.00 0.73 0.87 0.93 0.82 0.90 0.54 0.68 0.26 0.48 1.00 0.80 0.92 0.92 
13 0.381467 0.895417 0.536595 0.828750 0.97 0.23 0.94 0.85 0.95 0.91 0.89 0.77 0.54 0.64 0.94 0.96 1.00 0.98 0.92 0.96 
14 0.369935 0.892917 0.601607 0.810000 0.97 0.94 0.43 0.85 0.89 0.85 0.78 0.81 0.54 0.66 0.30 0.94 1.00 1.00 0.96 0.98 
15 0.388410 0.895833 0.473565 0.850000 0.95 0.45 0.90 0.93 0.91 0.87 0.85 0.88 0.78 0.76 0.86 0.92 1.00 0.86 0.92 0.90 
16 0.363663 0.895000 0.526323 0.858750 0.94 0.87 0.97 0.91 0.89 0.94 0.84 0.86 0.36 0.44 0.48 0.90 1.00 0.74 0.90 0.98 
17 0.379143 0.895833 0.491529 0.859375 0.93 0.95 0.94 0.86 0.83 0.93 0.79 0.86 0.86 0.58 0.34 0.88 1.00 0.72 0.90 0.96 
18 0.333226 0.908333 0.429287 0.885000 0.99 0.83 0.98 0.89 0.91 0.91 0.78 0.87 0.76 0.82 0.72 0.86 1.00 0.76 0.94 0.96 
19 0.336245 0.907917 0.429860 0.876875 0.97 0.74 0.92 0.89 0.92 0.88 0.82 0.81 0.84 0.70 0.86 0.94 1.00 1.00 0.94 0.96 
20 0.281817 0.919167 0.401143 0.886875 0.93 0.83 0.96 0.87 0.93 0.91 0.83 0.81 0.86 0.74 0.86 0.92 1.00 0.94 0.90 0.96 
21 0.238374 0.932917 0.378056 0.894375 0.98 0.69 0.96 0.89 0.94 0.91 0.89 0.89 0.82 0.68 0.92 0.92 1.00 0.96 0.92 0.96 
22 0.228269 0.936250 0.410761 0.882500 0.97 0.64 0.97 0.94 0.95 0.87 0.89 0.83 0.74 0.68 0.88 0.94 1.00 0.92 0.92 0.98 
23 0.217401 0.933750 0.373137 0.895625 0.97 0.83 0.96 0.94 0.91 0.87 0.84 0.85 0.72 0.78 0.84 0.94 1.00 0.98 0.94 0.96 
24 0.203182 0.938750 0.372009 0.900000 0.97 0.84 0.96 0.94 0.93 0.91 0.86 0.89 0.72 0.64 0.76 0.94 1.00 0.98 0.92 0.96 
25 0.202512 0.937917 0.444694 0.868750 0.97 0.51 0.97 0.91 0.92 0.77 0.87 0.92 0.82 0.76 0.94 0.94 1.00 0.92 0.94 0.96 
26 0.225122 0.934583 0.410247 0.896250 0.98 0.85 0.95 0.91 0.90 0.91 0.90 0.87 0.70 0.78 0.62 0.90 1.00 1.00 0.90 0.96 
27 0.208128 0.938333 0.409473 0.885625 0.93 0.73 0.97 0.86 0.90 0.91 0.91 0.89 0.78 0.68 0.82 0.94 1.00 1.00 0.90 0.96 
28 0.228121 0.932083 0.458415 0.876875 0.95 0.53 0.97 0.93 0.95 0.90 0.85 0.85 0.88 0.74 0.92 0.94 1.00 1.00 0.86 0.96 
29 0.204694 0.935417 0.377084 0.895625 0.97 0.83 0.97 0.92 0.93 0.89 0.87 0.85 0.72 0.74 0.78 0.94 1.00 0.94 0.90 0.98 
30 0.198432 0.938333 0.468200 0.864375 0.98 0.48 0.97 0.86 0.93 0.89 0.82 0.91 0.66 0.72 0.90 0.94 1.00 0.98 0.94 0.98 
31 0.196451 0.943333 0.395597 0.892500 0.95 0.85 0.95 0.92 0.91 0.89 0.84 0.91 0.58 0.80 0.76 0.94 1.00 0.92 0.90 0.96 
32 0.176957 0.947917 0.387769 0.889375 0.97 0.75 0.97 0.87 0.91 0.89 0.84 0.92 0.80 0.64 0.88 0.90 1.00 0.96 0.92 0.96 
33 0.203749 0.942917 0.461169 0.883125 0.97 0.84 0.98 0.87 0.93 0.89 0.78 0.87 0.76 0.60 0.78 0.86 1.00 0.98 0.92 0.98 
34 0.171049 0.945000 0.406402 0.895625 0.98 0.87 0.97 0.92 0.90 0.90 0.87 0.89 0.70 0.72 0.74 0.74 1.00 0.92 0.96 0.96 
35 0.209181 0.930833 0.394255 0.889375 0.99 0.72 0.97 0.88 0.92 0.88 0.86 0.90 0.82 0.74 0.90 0.88 1.00 0.96 0.84 0.98 
36 0.186139 0.941667 0.401450 0.895000 0.97 0.73 0.95 0.93 0.91 0.89 0.79 0.91 0.78 0.82 0.96 0.94 1.00 0.98 0.92 0.98 
37 0.201358 0.935417 0.421148 0.891250 0.98 0.67 0.98 0.90 0.91 0.89 0.89 0.90 0.84 0.70 0.84 0.90 1.00 1.00 0.94 0.96 
38 0.185309 0.938750 0.403607 0.894375 0.99 0.79 0.97 0.95 0.91 0.87 0.85 0.88 0.76 0.74 0.84 0.88 1.00 0.88 0.92 0.98 
39 0.187264 0.946250 0.400173 0.892500 0.97 0.84 0.97 0.92 0.92 0.85 0.86 0.91 0.62 0.76 0.76 0.88 1.00 0.88 0.92 0.98 
