Epoch Train_Loss Train_Accuracy Validation_Loss Validation_Accuracy
0 1.650508 0.496667 1.030013 0.676250 0.99 0.56 0.82 0.81 0.78 0.90 0.64 0.75 0.22 0.24 0.02 0.68 0.00 0.66 0.94 0.16 
1 1.020922 0.679583 0.812118 0.753750 0.97 0.94 0.97 0.85 0.41 0.73 0.73 0.83 0.44 0.36 0.00 0.54 1.00 0.66 0.86 0.98 
2 0.789099 0.772500 0.636237 0.814375 0.97 0.77 0.91 0.85 0.90 0.70 0.80 0.77 0.52 0.80 0.08 0.88 1.00 0.94 0.88 0.96 
3 0.691059 0.794583 0.743652 0.736875 0.96 0.08 0.67 0.80 0.92 0.89 0.68 0.82 0.66 0.82 0.82 0.94 0.22 0.86 0.90 0.90 
4 0.685027 0.803750 0.651125 0.808125 0.97 0.76 0.75 0.78 0.68 0.91 0.73 0.90 0.66 0.74 0.52 0.70 1.00 0.90 0.94 0.92 
5 0.566651 0.837917 1.075162 0.701250 0.96 0.42 0.29 0.65 0.81 0.91 0.79 0.65 0.86 0.74 0.82 0.12 1.00 0.98 0.92 0.56 
6 0.546054 0.849167 0.627840 0.789375 0.97 0.13 0.94 0.89 0.81 0.85 0.70 0.82 0.52 0.76 0.86 0.90 1.00 0.98 0.96 0.94 
7 0.508828 0.855000 0.529730 0.853750 0.98 0.68 0.95 0.78 0.92 0.91 0.88 0.87 0.74 0.74 0.20 0.98 0.98 0.98 0.86 0.96 
8 0.514798 0.846667 0.541303 0.850625 0.97 0.94 0.95 0.89 0.81 0.89 0.83 0.81 0.90 0.64 0.04 0.70 1.00 0.84 0.90 0.88 
9 0.468447 0.860000 0.484742 0.863750 0.97 0.68 0.95 0.82 0.88 0.94 0.79 0.83 0.76 0.74 0.82 0.90 1.00 0.98 0.90 0.98 
10 0.441766 0.865833 0.531329 0.834375 0.97 0.23 0.93 0.91 0.90 0.95 0.85 0.86 0.70 0.62 0.86 0.88 1.00 0.96 0.88 0.96 
11 0.417004 0.873750 0.456935 0.866875 0.97 0.85 0.93 0.95 0.91 0.89 0.83 0.85 0.76 0.82 0.08 0.82 0.96 0.98 0.92 0.88 
12 0.403598 0.885417 0.950418 0.755000 0.88 0.49 0.96 0.85 0.92 0.91 0.85 0.13 0.68 0.52 0.82 0.92 1.00 0.62 0.90 0.72 
13 0.452469 0.867500 0.430043 0.878125 0.97 0.93 0.96 0.85 0.89 0.93 0.87 0.94 0.78 0.70 0.10 0.92 1.00 0.76 0.88 0.96 
14 0.368750 0.884167 0.467989 0.861875 0.97 0.59 0.92 0.90 0.87 0.84 0.89 0.95 0.66 0.80 0.86 0.72 1.00 0.92 0.90 0.92 
15 0.372699 0.882917 0.430128 0.877500 0.98 0.85 0.94 0.91 0.86 0.93 0.81 0.88 0.74 0.68 0.48 0.94 1.00 1.00 0.90 0.86 
16 0.342996 0.899583 0.412426 0.885625 0.97 0.89 0.97 0.87 0.90 0.91 0.84 0.89 0.58 0.68 0.58 0.94 1.00 0.98 0.92 0.94 
17 0.323811 0.902917 0.425012 0.872500 0.98 0.64 0.94 0.91 0.91 0.85 0.87 0.81 0.84 0.82 0.78 0.90 1.00 1.00 0.90 0.94 
18 0.381438 0.883750 0.428475 0.878750 0.98 0.81 0.93 0.87 0.88 0.93 0.87 0.85 0.74 0.72 0.66 0.92 0.98 0.96 0.94 0.86 
19 0.285029 0.921250 0.482793 0.858750 0.98 0.94 0.95 0.87 0.83 0.84 0.87 0.88 0.88 0.68 0.16 0.90 1.00 0.52 0.94 0.96 
20 0.291894 0.909583 0.451392 0.868125 0.97 0.62 0.81 0.91 0.92 0.84 0.90 0.89 0.70 0.74 0.96 0.92 1.00 0.98 0.92 0.98 
21 0.252039 0.924583 0.415916 0.881875 0.98 0.68 0.98 0.91 0.93 0.92 0.81 0.85 0.78 0.70 0.92 0.84 1.00 0.94 0.94 0.94 
22 0.237719 0.927500 0.374007 0.899375 0.98 0.79 0.97 0.95 0.88 0.90 0.85 0.89 0.80 0.80 0.82 0.84 1.00 1.00 0.92 0.98 
23 0.233940 0.925833 0.375936 0.897500 0.98 0.77 0.95 0.89 0.90 0.91 0.87 0.92 0.78 0.72 0.94 0.90 1.00 0.98 0.92 0.94 
24 0.232177 0.924583 0.363334 0.897500 0.97 0.83 0.96 0.95 0.89 0.91 0.83 0.92 0.80 0.68 0.72 0.92 1.00 0.94 0.92 0.94 
25 0.227791 0.927083 0.419965 0.891250 0.99 0.79 0.93 0.87 0.91 0.90 0.89 0.86 0.82 0.70 0.84 0.86 1.00 1.00 0.92 0.94 
26 0.229306 0.930833 0.410245 0.874375 0.97 0.52 0.96 0.91 0.91 0.92 0.85 0.90 0.82 0.66 0.96 0.90 1.00 0.94 0.92 0.94 
27 0.209733 0.928750 0.419796 0.881875 0.97 0.71 0.91 0.91 0.92 0.86 0.86 0.91 0.72 0.82 0.92 0.82 1.00 0.96 0.92 0.96 
28 0.230224 0.923750 0.451762 0.881250 0.96 0.80 0.93 0.87 0.91 0.90 0.91 0.93 0.76 0.54 0.62 0.82 1.00 0.98 0.90 0.94 
29 0.233534 0.926667 0.406931 0.885000 0.98 0.78 0.95 0.90 0.89 0.89 0.84 0.93 0.72 0.70 0.60 0.94 1.00 0.96 0.94 0.96 
30 0.226773 0.930000 0.440357 0.874375 0.98 0.67 1.00 0.93 0.89 0.89 0.83 0.88 0.80 0.64 0.90 0.56 1.00 1.00 0.92 0.96 
31 0.213049 0.930417 0.398944 0.891875 0.98 0.71 0.95 0.93 0.90 0.93 0.87 0.93 0.72 0.62 0.82 0.94 1.00 0.94 0.92 0.94 
32 0.202757 0.936667 0.424471 0.880000 0.98 0.63 0.99 0.93 0.89 0.91 0.83 0.91 0.64 0.82 0.88 0.80 1.00 0.94 0.94 0.96 
33 0.223308 0.930417 0.386915 0.895000 0.98 0.75 0.95 0.91 0.90 0.89 0.87 0.92 0.76 0.76 0.90 0.84 1.00 0.98 0.94 0.94 
34 0.202533 0.939583 0.406581 0.885625 0.99 0.69 0.96 0.89 0.93 0.91 0.83 0.91 0.58 0.72 0.96 0.96 1.00 0.98 0.90 0.96 
