Epoch Train_Loss Train_Accuracy Validation_Loss Validation_Accuracy
0 1.544150 0.553750 1.092500 0.643750 0.98 0.52 1.00 0.71 0.27 0.97 0.54 0.79 0.04 0.38 0.00 0.12 1.00 0.00 0.90 0.82 
1 0.977351 0.727083 0.765027 0.758750 0.89 0.89 0.99 0.92 0.73 0.94 0.85 0.41 0.22 0.42 0.00 0.54 0.52 0.94 0.84 0.94 
2 0.789468 0.765417 0.801196 0.778750 0.95 0.80 0.99 0.75 0.86 0.94 0.73 0.71 0.32 0.68 0.00 0.72 1.00 0.82 0.86 0.32 
3 0.664202 0.810000 0.833025 0.735000 0.96 0.95 0.11 0.87 0.89 0.95 0.73 0.76 0.64 0.66 0.06 0.52 0.94 0.22 0.92 0.94 
4 0.614872 0.831667 0.627759 0.788125 0.91 0.66 0.95 0.86 0.91 0.50 0.73 0.72 0.58 0.76 0.46 0.94 1.00 0.90 0.88 0.98 
5 0.556726 0.840000 0.581268 0.828125 0.97 0.73 0.88 0.95 0.85 0.62 0.71 0.86 0.60 0.76 0.74 0.86 1.00 0.98 0.92 0.96 
6 0.533385 0.858333 0.514870 0.844375 0.97 0.63 0.95 0.86 0.85 0.82 0.79 0.89 0.66 0.80 0.78 0.92 1.00 0.82 0.90 0.88 
7 0.529931 0.857500 0.601648 0.836250 0.96 0.73 0.85 0.70 0.91 0.82 0.82 0.94 0.82 0.72 0.66 0.90 0.98 0.62 0.90 0.96 
8 0.479097 0.867917 0.469720 0.868125 0.98 0.69 0.99 0.85 0.93 0.94 0.83 0.86 0.72 0.62 0.74 0.76 1.00 0.96 0.86 0.90 
9 0.430997 0.878333 0.561434 0.828125 0.97 0.25 0.96 0.90 0.87 0.87 0.91 0.89 0.62 0.72 0.60 0.80 1.00 1.00 0.92 0.98 
10 0.410280 0.882083 0.644781 0.817500 0.97 0.75 0.92 0.83 0.88 0.92 0.81 0.88 0.28 0.64 0.60 0.38 1.00 0.52 0.88 0.96 
11 0.405573 0.888333 0.457237 0.871250 0.96 0.69 0.97 0.90 0.88 0.93 0.84 0.89 0.48 0.80 0.72 0.92 1.00 0.90 0.94 0.96 
12 0.417311 0.876667 0.607755 0.828125 0.94 0.49 0.90 0.81 0.92 0.97 0.89 0.81 0.42 0.46 0.92 0.86 1.00 0.84 0.88 0.96 
13 0.351338 0.902083 0.607317 0.805000 0.95 0.75 0.27 0.89 0.91 0.92 0.78 0.95 0.44 0.74 0.74 0.88 0.96 0.86 0.92 0.96 
14 0.370945 0.890417 0.616416 0.818125 0.81 0.56 0.95 0.94 0.77 0.90 0.71 0.95 0.64 0.64 0.58 0.70 1.00 0.94 0.94 0.96 
15 0.363146 0.891667 0.406232 0.881250 0.94 0.76 0.99 0.91 0.94 0.91 0.87 0.89 0.68 0.56 0.76 0.80 1.00 0.92 0.92 0.98 
16 0.321320 0.905000 0.546107 0.828750 0.96 0.36 0.94 0.78 0.90 0.87 0.85 0.92 0.64 0.78 0.58 0.90 1.00 0.98 0.92 0.98 
17 0.307300 0.910417 0.481070 0.862500 0.97 0.84 0.97 0.92 0.88 0.83 0.73 0.89 0.64 0.74 0.78 0.50 1.00 1.00 0.90 0.96 
18 0.316724 0.906667 0.450696 0.870000 0.97 0.83 0.97 0.89 0.92 0.75 0.83 0.85 0.58 0.76 0.76 0.90 1.00 0.92 0.92 0.96 
19 0.297394 0.918333 0.514910 0.854375 0.98 0.63 0.94 0.78 0.94 0.86 0.91 0.81 0.72 0.48 0.80 0.96 1.00 0.98 0.92 0.94 
20 0.236250 0.929167 0.372272 0.891250 0.97 0.80 0.97 0.91 0.91 0.90 0.82 0.89 0.64 0.72 0.90 0.94 1.00 0.96 0.92 0.96 
21 0.199222 0.937917 0.386955 0.886250 0.97 0.78 0.95 0.86 0.91 0.91 0.86 0.89 0.78 0.72 0.74 0.92 1.00 0.94 0.92 0.96 
22 0.188168 0.939583 0.408507 0.868750 0.96 0.46 0.96 0.93 0.91 0.89 0.89 0.89 0.80 0.60 0.98 0.92 1.00 0.94 0.92 0.96 
23 0.186130 0.944583 0.403578 0.883125 0.96 0.86 0.91 0.89 0.91 0.92 0.81 0.89 0.76 0.70 0.68 0.96 1.00 0.82 0.92 0.96 
24 0.186812 0.940833 0.442108 0.888750 0.96 0.81 0.84 0.94 0.93 0.91 0.91 0.85 0.78 0.64 0.90 0.86 1.00 0.92 0.92 0.96 
25 0.201466 0.938333 0.389789 0.895000 0.98 0.85 0.96 0.90 0.90 0.90 0.86 0.89 0.74 0.72 0.72 0.94 1.00 0.90 0.92 0.96 
26 0.168387 0.943333 0.411330 0.891250 0.98 0.65 0.95 0.91 0.92 0.93 0.87 0.95 0.76 0.70 0.86 0.94 1.00 0.92 0.90 0.96 
27 0.172982 0.947917 0.454752 0.874375 0.97 0.78 1.00 0.93 0.89 0.91 0.78 0.89 0.76 0.76 0.74 0.58 1.00 0.86 0.90 0.96 
28 0.157738 0.950833 0.403990 0.885000 0.97 0.71 0.95 0.91 0.91 0.87 0.87 0.89 0.72 0.74 0.92 0.94 1.00 0.90 0.94 0.96 
29 0.183276 0.943333 0.393497 0.897500 0.95 0.91 0.96 0.92 0.91 0.91 0.81 0.92 0.78 0.76 0.60 0.94 1.00 0.88 0.90 0.96 
30 0.183753 0.942917 0.446230 0.877500 0.97 0.89 0.97 0.89 0.86 0.89 0.79 0.91 0.66 0.76 0.60 0.72 1.00 0.96 0.92 0.96 
31 0.190211 0.938750 0.452548 0.868125 0.96 0.78 0.82 0.87 0.91 0.89 0.85 0.87 0.74 0.68 0.84 0.96 1.00 0.82 0.94 0.96 
32 0.148386 0.955833 0.395216 0.898125 0.96 0.80 0.95 0.93 0.95 0.89 0.89 0.88 0.70 0.70 0.88 0.94 1.00 0.92 0.90 0.96 
33 0.150961 0.952917 0.699294 0.817500 0.97 0.91 0.97 0.85 0.93 0.19 0.78 0.89 0.76 0.68 0.60 0.88 1.00 0.94 0.90 0.96 
34 0.175789 0.943750 0.382961 0.896250 0.97 0.95 0.96 0.89 0.90 0.92 0.86 0.89 0.78 0.66 0.46 0.94 1.00 0.98 0.92 0.96 
35 0.151102 0.948333 0.358531 0.900625 0.97 0.77 0.95 0.93 0.92 0.93 0.87 0.89 0.78 0.68 0.88 0.94 1.00 0.96 0.92 0.96 
36 0.165575 0.950000 0.454905 0.860625 0.97 0.45 0.93 0.88 0.91 0.93 0.85 0.88 0.82 0.68 0.96 0.88 1.00 0.94 0.92 0.96 
37 0.152419 0.955833 0.376615 0.903125 0.98 0.81 0.97 0.91 0.92 0.93 0.87 0.86 0.78 0.70 0.86 0.94 1.00 0.94 0.94 0.94 
38 0.130481 0.959167 0.457530 0.881875 0.98 0.70 0.96 0.89 0.94 0.91 0.86 0.91 0.50 0.70 0.88 0.92 1.00 0.88 0.94 0.94 
39 0.161899 0.950833 0.434399 0.888125 0.98 0.87 0.96 0.87 0.93 0.86 0.85 0.89 0.62 0.66 0.76 0.94 1.00 0.90 0.94 0.98 
40 0.127403 0.957083 0.382171 0.905000 0.98 0.85 0.96 0.90 0.93 0.91 0.85 0.91 0.78 0.74 0.82 0.94 1.00 0.92 0.92 0.96 
41 0.109583 0.963333 0.416256 0.886250 0.97 0.66 0.95 0.91 0.93 0.89 0.85 0.91 0.82 0.60 0.92 0.94 1.00 0.92 0.92 0.96 
42 0.093112 0.971250 0.418445 0.897500 0.98 0.79 0.97 0.92 0.93 0.92 0.86 0.89 0.66 0.68 0.84 0.94 1.00 0.92 0.92 0.96 
43 0.087289 0.970000 0.380024 0.899375 0.98 0.81 0.96 0.92 0.92 0.89 0.87 0.91 0.78 0.68 0.80 0.94 1.00 0.94 0.92 0.96 
44 0.111719 0.966250 0.434484 0.886250 0.97 0.73 0.96 0.93 0.93 0.87 0.75 0.91 0.74 0.82 0.88 0.94 1.00 0.92 0.92 0.96 
45 0.100190 0.965833 0.408552 0.896875 0.97 0.81 0.97 0.89 0.93 0.91 0.81 0.91 0.68 0.82 0.88 0.94 1.00 0.94 0.92 0.94 
46 0.101450 0.965000 0.399656 0.901250 0.98 0.91 0.97 0.89 0.91 0.94 0.83 0.92 0.82 0.64 0.60 0.94 1.00 0.94 0.92 0.96 
47 0.090884 0.972500 0.401652 0.896250 0.98 0.81 0.96 0.90 0.91 0.89 0.83 0.91 0.74 0.78 0.78 0.94 1.00 0.96 0.92 0.96 
48 0.089110 0.971250 0.456119 0.896250 0.96 0.85 0.97 0.91 0.94 0.88 0.90 0.91 0.80 0.64 0.50 0.94 1.00 0.90 0.94 0.96 
49 0.088255 0.971667 0.432524 0.894375 0.97 0.79 0.97 0.93 0.92 0.88 0.89 0.87 0.76 0.58 0.84 0.94 1.00 0.94 0.94 0.96 
50 0.081845 0.971250 0.420151 0.901875 0.98 0.93 0.96 0.90 0.91 0.93 0.81 0.94 0.84 0.64 0.56 0.94 1.00 0.92 0.94 0.96 
