Epoch Train_Loss Train_Accuracy Validation_Loss Validation_Accuracy
0 0.651422 0.806715 0.537457 0.844519 0.96 0.63 0.95 0.84 0.91 0.85 0.84 0.84 0.50 0.75 0.78 0.78 0.99 0.92 0.87 0.95 
1 0.360115 0.888590 0.487058 0.870216 0.95 0.81 0.96 0.91 0.84 0.86 0.75 0.89 0.76 0.79 0.67 0.86 1.00 0.98 0.90 0.94 
2 0.295434 0.905705 0.440263 0.881538 0.96 0.76 0.95 0.92 0.88 0.89 0.83 0.91 0.73 0.72 0.74 0.89 1.00 1.00 0.95 0.90 
3 0.248987 0.918606 0.536704 0.865649 0.98 0.79 0.96 0.76 0.88 0.91 0.82 0.90 0.73 0.59 0.70 0.91 1.00 0.91 0.90 0.96 
4 0.220972 0.926554 0.494307 0.877284 0.97 0.85 0.97 0.86 0.87 0.87 0.84 0.89 0.71 0.68 0.51 0.91 1.00 0.99 0.96 0.95 
5 0.199855 0.932821 0.514508 0.864159 0.96 0.62 0.96 0.90 0.84 0.86 0.85 0.88 0.77 0.80 0.69 0.92 1.00 0.97 0.93 0.94 
6 0.183069 0.938574 0.505146 0.878678 0.97 0.70 0.94 0.87 0.89 0.84 0.83 0.91 0.81 0.78 0.85 0.93 1.00 0.99 0.94 0.96 
7 0.168204 0.942356 0.462262 0.890385 0.97 0.76 0.96 0.92 0.92 0.90 0.80 0.87 0.81 0.82 0.75 0.94 1.00 1.00 0.92 0.95 
8 0.160213 0.944375 0.463376 0.897308 0.97 0.89 0.95 0.91 0.90 0.93 0.81 0.93 0.77 0.73 0.53 0.91 1.00 0.99 0.95 0.98 
9 0.145373 0.949215 0.543824 0.874471 0.97 0.74 0.95 0.85 0.87 0.90 0.85 0.84 0.70 0.70 0.77 0.94 1.00 0.99 0.97 0.96 
10 0.136858 0.951506 0.515554 0.886322 0.96 0.86 0.97 0.88 0.88 0.90 0.78 0.87 0.74 0.79 0.66 0.94 1.00 0.99 0.94 0.97 
11 0.129596 0.953141 0.524799 0.884928 0.97 0.83 0.95 0.86 0.88 0.91 0.83 0.86 0.76 0.79 0.62 0.94 1.00 0.99 0.96 0.98 
12 0.127001 0.954744 0.561241 0.881154 0.96 0.79 0.98 0.84 0.89 0.93 0.79 0.88 0.75 0.79 0.77 0.93 1.00 0.95 0.92 0.93 
