Epoch Train_Loss Train_Accuracy Test_Loss Test_Accuracy
0 0.110599 0.460417 0.075125 0.690000
1 0.076209 0.634167 0.058842 0.767500
2 0.061565 0.707917 0.063758 0.693750
3 0.057829 0.727917 0.046419 0.797500
4 0.053163 0.750833 0.054469 0.720625
5 0.049484 0.767500 0.043532 0.813750
6 0.043398 0.805000 0.041014 0.837500
7 0.039861 0.816667 0.031872 0.863750
8 0.038054 0.826250 0.037002 0.810625
9 0.035175 0.831667 0.033358 0.847500
10 0.031954 0.851250 0.037807 0.838750
11 0.030823 0.846250 0.030370 0.861250
12 0.030045 0.846667 0.033123 0.843125
13 0.029902 0.841667 0.031710 0.871875
14 0.028479 0.863750 0.029553 0.861250
15 0.027437 0.869583 0.030025 0.867500
16 0.027456 0.872917 0.028400 0.870000
17 0.024717 0.875833 0.030279 0.861250
18 0.023477 0.884583 0.028844 0.869375
19 0.023731 0.886250 0.028884 0.869375
20 0.019716 0.899583 0.023321 0.895000
21 0.017722 0.909583 0.025354 0.887500
22 0.016295 0.915417 0.023430 0.891250
23 0.017193 0.916250 0.024355 0.885000
24 0.017163 0.911250 0.025904 0.879375
25 0.014941 0.923333 0.024938 0.884375
26 0.015785 0.918333 0.024543 0.886875
27 0.015279 0.928750 0.024962 0.899375
28 0.015508 0.925000 0.024901 0.890625
29 0.017639 0.906667 0.027506 0.885625
30 0.017474 0.911250 0.026081 0.884375
31 0.014299 0.931667 0.026607 0.879375
32 0.015740 0.918750 0.026128 0.893125
33 0.013557 0.929167 0.028322 0.878750
34 0.015187 0.918333 0.025637 0.885625
35 0.014194 0.928333 0.024399 0.900625
36 0.014145 0.930833 0.024662 0.893125
37 0.013659 0.933750 0.026908 0.878750
38 0.012205 0.938333 0.024413 0.897500
39 0.011503 0.938750 0.026274 0.890000
40 0.011068 0.945833 0.024061 0.903125
41 0.011040 0.942083 0.023530 0.900625
42 0.010283 0.944167 0.024828 0.896875
43 0.009098 0.952917 0.023840 0.904375
44 0.009469 0.951250 0.025855 0.880625
45 0.009570 0.948333 0.025084 0.901875
46 0.010062 0.951250 0.023988 0.896250
47 0.008894 0.951667 0.023939 0.899375
48 0.009591 0.949167 0.024900 0.901250
49 0.009033 0.953750 0.026996 0.886250
50 0.008532 0.953750 0.025356 0.893125
51 0.008632 0.951250 0.025622 0.899375
52 0.008027 0.956250 0.026273 0.901875
53 0.008263 0.956250 0.026979 0.895000
54 0.008198 0.956667 0.026188 0.893750
55 0.009667 0.952917 0.032942 0.865000
56 0.007573 0.964583 0.027452 0.888750
57 0.007617 0.959583 0.026738 0.902500
58 0.008258 0.955000 0.027353 0.899375
59 0.008629 0.954167 0.027878 0.900000
60 0.007638 0.962083 0.026974 0.897500
61 0.005730 0.972083 0.026395 0.905625
62 0.007142 0.960417 0.026313 0.903750
63 0.007067 0.966250 0.028055 0.894375
64 0.007176 0.961667 0.026915 0.898125
65 0.005948 0.970833 0.027048 0.903125
66 0.006145 0.967917 0.026106 0.899375
67 0.005852 0.973333 0.025692 0.907500
68 0.005323 0.970000 0.025380 0.906250
69 0.005941 0.969167 0.026603 0.898750
70 0.005445 0.972500 0.025949 0.902500
71 0.006185 0.966250 0.026439 0.911250
72 0.004787 0.976250 0.028342 0.898125
73 0.005476 0.970833 0.027294 0.900000
74 0.005349 0.970833 0.027943 0.897500
75 0.004936 0.974167 0.026670 0.908125
76 0.005535 0.971250 0.027447 0.902500
77 0.005118 0.972500 0.026612 0.906875
78 0.005361 0.975417 0.029243 0.903125
79 0.005846 0.966250 0.032417 0.886250
80 0.006030 0.969583 0.027974 0.903125
81 0.005167 0.972917 0.027351 0.905625
82 0.005102 0.973333 0.027785 0.898125
83 0.004340 0.979583 0.027717 0.905000
84 0.004473 0.977917 0.027500 0.906250
85 0.004260 0.975833 0.027781 0.907500
86 0.003905 0.982083 0.027836 0.905625
87 0.004162 0.977500 0.028873 0.901875
88 0.004297 0.977083 0.028409 0.904375
89 0.003700 0.981250 0.029170 0.903750
90 0.004836 0.975833 0.029315 0.901875
91 0.003882 0.980000 0.029362 0.901250
92 0.003990 0.978750 0.027744 0.907500
93 0.005051 0.974167 0.028052 0.907500
94 0.003548 0.980833 0.028378 0.909375
95 0.003690 0.982500 0.027480 0.905625
96 0.004164 0.977083 0.029206 0.896250
97 0.004017 0.978333 0.029630 0.906875
98 0.004195 0.979167 0.030449 0.896875
99 0.003969 0.976667 0.031293 0.895625
100 0.003432 0.983333 0.028642 0.903750
101 0.004040 0.977917 0.028483 0.903750
102 0.003815 0.980000 0.028323 0.901875
103 0.003441 0.981667 0.028000 0.906250
104 0.003548 0.981667 0.029600 0.902500
105 0.003582 0.982083 0.028779 0.901875
106 0.003517 0.983333 0.028380 0.902500
107 0.003210 0.983750 0.029152 0.901875
108 0.003316 0.983750 0.028878 0.906875
109 0.003063 0.985000 0.028380 0.905625
110 0.003215 0.983750 0.029219 0.904375
111 0.003382 0.981667 0.029209 0.904375
112 0.003324 0.982083 0.030885 0.898125
113 0.003395 0.982083 0.029137 0.908125
114 0.003170 0.984167 0.028886 0.905625
115 0.003257 0.982917 0.030219 0.903750
116 0.003331 0.981250 0.029695 0.903750
117 0.003523 0.982917 0.028548 0.905000
118 0.003617 0.982500 0.029749 0.903125
119 0.003464 0.983750 0.029743 0.896250
120 0.003564 0.979583 0.030109 0.900625
121 0.003339 0.983750 0.030187 0.904375
122 0.003053 0.983333 0.029095 0.904375
123 0.003234 0.984167 0.030595 0.903750
124 0.002696 0.987917 0.029924 0.903750
125 0.003179 0.984583 0.029617 0.901875
126 0.002988 0.982917 0.029148 0.904375
127 0.003026 0.986250 0.029765 0.898750
128 0.002826 0.985833 0.029666 0.898125
129 0.002735 0.985000 0.029187 0.903125
130 0.003097 0.984167 0.029208 0.899375
131 0.002949 0.986250 0.029543 0.905625
132 0.003181 0.983333 0.030267 0.905000
133 0.002701 0.987500 0.030728 0.899375
134 0.002708 0.984583 0.029768 0.903125
135 0.003026 0.985417 0.029824 0.900000
136 0.002861 0.986250 0.029874 0.900000
137 0.002949 0.985000 0.030280 0.900625
138 0.003206 0.984583 0.030017 0.901875
139 0.002776 0.984583 0.030090 0.903125
140 0.003146 0.982083 0.029393 0.904375
141 0.002782 0.986667 0.030492 0.903750
142 0.002901 0.983333 0.030308 0.898750
143 0.002559 0.986667 0.030039 0.902500
144 0.002543 0.986250 0.029912 0.901875
145 0.002952 0.986250 0.029300 0.904375
146 0.003030 0.982917 0.030577 0.907500
147 0.002674 0.985833 0.029511 0.901875
148 0.002513 0.987083 0.030109 0.898750
149 0.002809 0.983750 0.030628 0.899375
150 0.002368 0.989167 0.029951 0.898125
151 0.002974 0.986667 0.030664 0.901250
152 0.002455 0.987500 0.030614 0.900625
153 0.002611 0.988750 0.030823 0.903125
154 0.002862 0.986667 0.030461 0.904375
155 0.003058 0.983333 0.030941 0.901875
156 0.002283 0.988333 0.030084 0.900625
157 0.002355 0.990833 0.030277 0.903750
158 0.002750 0.985833 0.030373 0.903125
159 0.003207 0.984583 0.030612 0.903750
160 0.002484 0.987083 0.030181 0.903750
161 0.002728 0.987500 0.029939 0.905000
162 0.002652 0.986250 0.030106 0.905000
163 0.003270 0.983750 0.031277 0.901875
164 0.002606 0.987917 0.030819 0.901875
165 0.002991 0.982500 0.030360 0.902500
166 0.002578 0.985833 0.031085 0.901875
167 0.002768 0.985833 0.030439 0.902500
168 0.003213 0.983750 0.030289 0.903125
169 0.002669 0.986250 0.030741 0.903750
170 0.002598 0.988750 0.030748 0.901875
171 0.002380 0.986667 0.030151 0.901875
172 0.002622 0.986250 0.030001 0.903125
