#complete complete 256
24 0.232177 0.924583 0.363334 0.897500 0.97 0.83 0.96 0.95 0.89 0.91 0.83 0.92 0.80 0.68 0.72 0.92 1.00 0.94 0.92 0.94

#incomplete complete 2048
0.507390 0.858125 0.97 0.32 0.97 0.92 0.87 0.90 0.87 0.91 0.78 0.72 0.96 0.90 1.00 1.00 0.96 0.92
--------------


#complete occluded 256
##train(validation)
7.341460 0.135745
1.00 0.00 0.00 0.00 0.38 0.00 0.00 0.03 0.00 0.05 0.00 0.00 0.04 0.00 0.00 0.00

##test
7.449169 0.127575 1.00 0.00 0.00 0.00 0.38 0.00 0.00 0.04 0.00 0.06 0.00 0.00 0.03 0.00 0.00 None


--------------

#occluded complete 256
##train(validation)
10.279068 0.179375 0.01 0.89 0.00 0.00 0.77 0.00 0.15 0.01 0.10 0.16 0.00 0.00 0.00 0.00 0.00 0.00

##test
None

--------------


#occluded occluded 256
##train(validation)
15 0.354416 0.878253 0.565765 0.844038 0.94 0.84 0.93 0.83 0.83 0.82 0.78 0.92 0.70 0.68 0.37 0.89 0.99 0.93 0.91 0.91

##test
0.516889 0.847709 0.96 0.84 0.94 0.85 0.84 0.81 0.80 0.90 0.79 0.71 0.33 0.92 0.99 0.91 0.97 None



====================================================================



@@@ CD @@@
#mvp_256
##validation
cd: 5 8.349164 12.074740
ce: 0.494421 0.866322 0.96 0.67 0.95 0.90 0.88 0.87 0.82 0.88 0.75 0.66 0.76 0.92 1.00 0.93 0.92 0.96

##test
ce: 0.493308 0.868829 0.96 0.60 0.96 0.91 0.88 0.88 0.89 0.90 0.80 0.65 0.67 0.96 1.00 0.96 1.00 None


#mvp_2048
##validation
cd: 6.956690 11.863613
ce: 0.486408 0.870986 0.97 0.68 0.94 0.91 0.89 0.87 0.82 0.89 0.71 0.72 0.77 0.89 1.00 0.99 0.93 0.97

##test
ce: 0.490560 0.868244 0.97 0.62 0.95 0.91 0.87 0.88 0.88 0.89 0.79 0.64 0.72 0.93 0.99 0.97 1.00 None

----------------------


#partitioned_mvp
##validation
cd: 20 8.824521 14.856362
ce: 0.814589 0.812620 0.91 0.67 0.88 0.86 0.84 0.84 0.76 0.77 0.65 0.47 0.73 0.88 0.99 0.92 0.90 0.90

##test
ce: 0.775687 0.815368 0.89 0.63 0.91 0.86 0.82 0.85 0.81 0.78 0.71 0.48 0.66 0.93 0.98 0.90 0.96 None


=======================================

@@@ CE @@@

#mvp_2048
##validation
cd: 107.909172
ce: 0.496285 0.868389 0.96 0.83 0.95 0.86 0.88 0.90 0.78 0.86 0.65 0.76 0.59 0.92 1.00 0.93 0.92 0.94

##test
ce: 0.471622 0.867140 0.95 0.79 0.97 0.88 0.86 0.90 0.81 0.86 0.76 0.76 0.55 0.93 0.99 0.92 0.99 None

----------------------


#partitioned_mvp
##validation
cd: 115.197289
ce: 0.635145 0.827957 0.93 0.72 0.92 0.86 0.80 0.80 0.78 0.84 0.67 0.57 0.60 0.91 0.99 0.93 0.91 0.95

##test
ce: 0.602820 0.831104 0.91 0.72 0.94 0.87 0.81 0.82 0.81 0.84 0.74 0.59 0.58 0.93 0.99 0.90 0.96 None









==================================

CE + 100*CE

#partitioned
##validation
0.855916 0.636928 0.824207 # 0.93 0.76 0.90 0.84 0.82 0.81 0.74 0.85 0.66 0.59 0.59 0.90 0.99 0.89 0.92 0.93 # 21.898788