Epoch Train_Loss Train_Accuracy Test_Loss Test_Accuracy
0 0.048282 0.567895 0.129182 0.113669 0.00 0.00 0.00 0.00 0.69 0.00 0.00 0.29 0.00 0.00 0.00 0.00 0.00 0.00 0.00 0.00 
1 0.029325 0.740526 0.105334 0.177604 0.00 0.18 0.00 0.00 0.60 0.00 0.19 0.57 0.00 0.00 0.00 0.00 0.00 0.00 0.00 0.00 
2 0.023741 0.778947 0.120825 0.179882 0.00 0.19 0.00 0.00 0.89 0.00 0.00 0.48 0.00 0.00 0.00 0.00 0.00 0.00 0.00 0.00 
3 0.022630 0.795263 0.127983 0.178047 0.00 0.04 0.00 0.00 0.95 0.15 0.03 0.27 0.00 0.32 0.00 0.00 0.00 0.00 0.00 0.00 
4 0.023180 0.791579 0.124631 0.178225 0.00 0.03 0.00 0.01 0.91 0.00 0.16 0.39 0.00 0.11 0.05 0.00 0.00 0.00 0.00 0.00 
5 0.019583 0.825789 0.135864 0.156124 0.00 0.00 0.00 0.00 0.90 0.00 0.00 0.43 0.00 0.00 0.08 0.00 0.00 0.00 0.00 0.00 
6 0.018426 0.843684 0.137132 0.172515 0.00 0.00 0.00 0.02 0.91 0.00 0.00 0.44 0.00 0.32 0.05 0.00 0.00 0.00 0.00 0.00 
7 0.019266 0.822632 0.161809 0.166805 0.00 0.00 0.00 0.00 0.93 0.08 0.00 0.41 0.00 0.04 0.04 0.00 0.00 0.00 0.00 0.00 
8 0.016901 0.852632 0.151216 0.161331 0.00 0.00 0.00 0.00 0.93 0.00 0.02 0.44 0.00 0.00 0.00 0.00 0.00 0.00 0.00 0.00 
9 0.014933 0.866842 0.150229 0.171716 0.00 0.00 0.00 0.00 0.78 0.00 0.18 0.45 0.00 0.18 0.02 0.00 0.00 0.00 0.00 0.00 
10 0.016510 0.853684 0.158570 0.154734 0.00 0.00 0.00 0.01 0.93 0.00 0.00 0.40 0.00 0.00 0.00 0.00 0.00 0.00 0.00 0.00 
11 0.014667 0.862632 0.164234 0.181213 0.00 0.00 0.00 0.00 0.95 0.00 0.23 0.39 0.00 0.00 0.01 0.00 0.00 0.00 0.00 0.00 
12 0.014207 0.863158 0.148932 0.178550 0.00 0.00 0.00 0.00 0.81 0.00 0.29 0.43 0.00 0.07 0.00 0.00 0.00 0.00 0.00 0.00 
13 0.013658 0.878947 0.151114 0.208550 0.00 0.00 0.00 0.00 0.94 0.13 0.25 0.39 0.00 0.26 0.04 0.00 0.00 0.00 0.00 0.00 
14 0.013100 0.881053 0.188970 0.142041 0.00 0.00 0.00 0.02 0.99 0.01 0.01 0.18 0.00 0.05 0.00 0.00 0.00 0.00 0.00 0.00 
15 0.011851 0.895789 0.178231 0.129793 0.00 0.00 0.00 0.00 1.00 0.02 0.02 0.01 0.00 0.24 0.00 0.00 0.00 0.00 0.00 0.00 
16 0.011252 0.899474 0.167303 0.175355 0.00 0.00 0.00 0.02 0.92 0.01 0.19 0.37 0.00 0.03 0.00 0.00 0.00 0.00 0.00 0.00 
17 0.012437 0.887895 0.176211 0.158107 0.00 0.00 0.00 0.06 0.97 0.01 0.00 0.33 0.00 0.00 0.04 0.00 0.00 0.00 0.00 0.00 
18 0.011400 0.887368 0.160360 0.162751 0.00 0.00 0.00 0.02 0.75 0.06 0.06 0.41 0.00 0.34 0.00 0.00 0.00 0.00 0.00 0.00 
19 0.013020 0.883158 0.153368 0.177988 0.00 0.00 0.00 0.07 0.90 0.03 0.15 0.32 0.00 0.24 0.00 0.00 0.00 0.00 0.00 0.00 
20 0.009472 0.902105 0.187303 0.151982 0.00 0.00 0.00 0.00 0.97 0.00 0.00 0.32 0.00 0.06 0.00 0.00 0.00 0.00 0.00 0.00 
21 0.008628 0.918421 0.184512 0.155414 0.00 0.00 0.00 0.00 0.98 0.09 0.01 0.19 0.00 0.20 0.03 0.00 0.00 0.00 0.00 0.00 
22 0.007452 0.931579 0.178165 0.167663 0.00 0.00 0.00 0.00 0.95 0.03 0.02 0.35 0.00 0.25 0.05 0.00 0.00 0.00 0.00 0.00 
23 0.007442 0.924737 0.178323 0.160947 0.00 0.00 0.00 0.00 0.94 0.05 0.01 0.38 0.00 0.03 0.03 0.00 0.00 0.00 0.00 0.00 
24 0.007308 0.934737 0.199805 0.157189 0.00 0.00 0.00 0.00 0.95 0.01 0.03 0.33 0.00 0.11 0.04 0.00 0.00 0.00 0.00 0.00 
25 0.006674 0.933158 0.198654 0.157604 0.00 0.00 0.00 0.00 0.93 0.04 0.00 0.37 0.00 0.05 0.04 0.00 0.00 0.00 0.00 0.00 
26 0.006980 0.933684 0.185249 0.158757 0.00 0.00 0.00 0.02 0.89 0.04 0.00 0.34 0.00 0.12 0.13 0.00 0.00 0.00 0.00 0.00 
27 0.007035 0.930526 0.172648 0.168935 0.00 0.00 0.00 0.01 0.93 0.12 0.00 0.36 0.00 0.03 0.08 0.00 0.00 0.00 0.00 0.00 
28 0.007114 0.928421 0.203807 0.161331 0.00 0.00 0.00 0.10 0.90 0.01 0.00 0.33 0.00 0.17 0.02 0.00 0.00 0.00 0.00 0.00 
29 0.006550 0.930526 0.219920 0.151213 0.00 0.00 0.00 0.00 0.96 0.05 0.00 0.28 0.00 0.02 0.03 0.00 0.00 0.00 0.00 0.00 
30 0.006545 0.934737 0.226032 0.151183 0.00 0.00 0.00 0.00 0.96 0.06 0.00 0.28 0.00 0.00 0.01 0.00 0.00 0.00 0.00 0.00 
31 0.006630 0.937895 0.204851 0.169822 0.00 0.00 0.00 0.00 0.96 0.18 0.00 0.33 0.00 0.00 0.00 0.00 0.00 0.00 0.00 0.00 
32 0.006598 0.938947 0.199869 0.156183 0.00 0.00 0.00 0.00 0.96 0.00 0.01 0.27 0.00 0.28 0.07 0.00 0.00 0.00 0.00 0.00 
33 0.007282 0.927895 0.211219 0.146302 0.00 0.00 0.00 0.00 0.96 0.01 0.01 0.23 0.00 0.10 0.06 0.00 0.00 0.00 0.00 0.00 
34 0.006957 0.929474 0.200534 0.186065 0.00 0.00 0.00 0.00 0.93 0.07 0.11 0.39 0.00 0.35 0.01 0.00 0.00 0.00 0.00 0.00 
35 0.007222 0.933158 0.217577 0.155621 0.00 0.00 0.00 0.05 0.96 0.07 0.00 0.25 0.00 0.05 0.00 0.00 0.00 0.00 0.00 0.00 
36 0.006051 0.938421 0.240267 0.142396 0.00 0.00 0.00 0.01 0.98 0.00 0.00 0.21 0.00 0.05 0.01 0.00 0.00 0.00 0.00 0.00 
37 0.006710 0.936842 0.207391 0.155059 0.00 0.00 0.00 0.00 0.92 0.00 0.00 0.38 0.00 0.08 0.00 0.00 0.00 0.04 0.00 0.00 
38 0.006058 0.935263 0.225015 0.141598 0.00 0.00 0.00 0.02 0.98 0.00 0.00 0.22 0.00 0.00 0.03 0.00 0.00 0.00 0.00 0.00 
39 0.006879 0.938421 0.230547 0.147012 0.00 0.00 0.00 0.03 0.98 0.09 0.00 0.17 0.00 0.01 0.00 0.00 0.00 0.00 0.00 0.00 
40 0.005237 0.954211 0.230984 0.156746 0.00 0.00 0.00 0.03 0.97 0.03 0.00 0.29 0.00 0.09 0.00 0.00 0.00 0.00 0.00 0.00 
41 0.004891 0.950526 0.253330 0.141657 0.00 0.00 0.00 0.05 0.97 0.01 0.01 0.12 0.00 0.22 0.00 0.00 0.00 0.00 0.00 0.00 
42 0.004774 0.953684 0.247089 0.135444 0.00 0.00 0.00 0.10 0.91 0.02 0.00 0.03 0.00 0.33 0.00 0.00 0.00 0.00 0.00 0.00 
43 0.004135 0.960526 0.249442 0.147515 0.00 0.00 0.00 0.05 0.98 0.01 0.01 0.14 0.00 0.28 0.00 0.00 0.00 0.00 0.00 0.00 
44 0.004089 0.958421 0.218434 0.166864 0.00 0.00 0.00 0.11 0.89 0.04 0.01 0.27 0.00 0.36 0.00 0.00 0.00 0.00 0.00 0.00 
45 0.004183 0.951579 0.192528 0.184201 0.00 0.00 0.00 0.19 0.74 0.10 0.07 0.39 0.00 0.33 0.01 0.00 0.00 0.00 0.00 0.00 
46 0.004423 0.959474 0.210384 0.180325 0.00 0.00 0.00 0.16 0.83 0.11 0.01 0.36 0.00 0.28 0.00 0.00 0.00 0.00 0.00 0.00 
47 0.004603 0.948947 0.206959 0.161805 0.00 0.00 0.00 0.00 0.98 0.13 0.00 0.27 0.00 0.08 0.00 0.00 0.00 0.00 0.00 0.00 
48 0.003849 0.964737 0.218529 0.163876 0.00 0.00 0.00 0.01 0.97 0.05 0.00 0.27 0.00 0.32 0.01 0.00 0.00 0.00 0.00 0.00 
49 0.004141 0.956842 0.211773 0.172219 0.00 0.00 0.00 0.14 0.86 0.22 0.02 0.19 0.00 0.19 0.00 0.00 0.00 0.00 0.00 0.00 
50 0.003598 0.961053 0.217551 0.176953 0.00 0.00 0.00 0.06 0.95 0.19 0.04 0.25 0.00 0.15 0.00 0.00 0.00 0.00 0.00 0.00 
51 0.003741 0.965789 0.201842 0.186657 0.00 0.00 0.00 0.14 0.86 0.26 0.05 0.27 0.00 0.10 0.00 0.00 0.00 0.00 0.00 0.00 
52 0.003702 0.961579 0.218308 0.162426 0.00 0.00 0.00 0.15 0.77 0.06 0.23 0.10 0.00 0.29 0.01 0.00 0.00 0.00 0.00 0.00 
53 0.003135 0.973158 0.212478 0.166420 0.00 0.00 0.00 0.08 0.90 0.11 0.17 0.09 0.00 0.27 0.02 0.00 0.00 0.00 0.00 0.00 
54 0.003370 0.964737 0.233372 0.170178 0.00 0.00 0.00 0.02 0.96 0.09 0.11 0.22 0.00 0.21 0.00 0.00 0.00 0.00 0.00 0.00 
55 0.003483 0.965263 0.240525 0.166213 0.00 0.00 0.00 0.02 0.98 0.10 0.07 0.18 0.00 0.28 0.00 0.00 0.00 0.00 0.00 0.00 
56 0.003323 0.963684 0.230262 0.185237 0.00 0.00 0.00 0.05 0.96 0.21 0.09 0.23 0.00 0.18 0.00 0.00 0.00 0.00 0.00 0.00 
57 0.003336 0.964211 0.242931 0.175828 0.00 0.00 0.00 0.09 0.95 0.09 0.06 0.24 0.00 0.27 0.00 0.00 0.00 0.00 0.00 0.00 
58 0.003716 0.962105 0.267759 0.147840 0.00 0.00 0.00 0.02 0.98 0.02 0.11 0.00 0.00 0.38 0.03 0.00 0.00 0.02 0.00 0.00 
59 0.004314 0.957368 0.220415 0.160592 0.00 0.00 0.00 0.12 0.93 0.02 0.13 0.09 0.00 0.33 0.00 0.00 0.00 0.01 0.00 0.00 
60 0.003852 0.962632 0.241384 0.147396 0.00 0.00 0.00 0.00 0.97 0.08 0.06 0.02 0.00 0.39 0.00 0.00 0.00 0.02 0.00 0.00 
61 0.003729 0.969474 0.256175 0.139645 0.00 0.00 0.00 0.00 0.99 0.03 0.06 0.01 0.00 0.35 0.01 0.00 0.00 0.01 0.00 0.00 
62 0.002720 0.973684 0.250656 0.148964 0.00 0.00 0.00 0.00 0.98 0.04 0.06 0.06 0.00 0.38 0.04 0.00 0.00 0.01 0.00 0.00 
63 0.002647 0.973158 0.252559 0.142367 0.00 0.00 0.00 0.00 0.98 0.02 0.04 0.05 0.00 0.39 0.03 0.00 0.00 0.00 0.00 0.00 
64 0.003597 0.974211 0.232075 0.166509 0.00 0.00 0.00 0.01 0.94 0.06 0.09 0.20 0.00 0.38 0.00 0.00 0.00 0.00 0.00 0.00 
65 0.002784 0.971053 0.254198 0.156154 0.00 0.00 0.00 0.00 0.97 0.14 0.02 0.16 0.00 0.21 0.00 0.00 0.00 0.00 0.00 0.00 
66 0.002817 0.969474 0.246645 0.159201 0.00 0.00 0.00 0.00 0.97 0.09 0.03 0.17 0.00 0.35 0.00 0.00 0.00 0.00 0.00 0.00 
67 0.002570 0.972105 0.255593 0.154083 0.00 0.00 0.00 0.03 0.98 0.06 0.03 0.09 0.00 0.39 0.00 0.00 0.00 0.00 0.00 0.00 
68 0.002857 0.971579 0.251988 0.155118 0.00 0.00 0.00 0.03 0.98 0.06 0.04 0.11 0.00 0.36 0.00 0.00 0.00 0.00 0.00 0.00 
69 0.002276 0.976842 0.242254 0.159882 0.00 0.00 0.00 0.04 0.97 0.07 0.09 0.08 0.00 0.39 0.02 0.00 0.00 0.01 0.00 0.00 
70 0.002509 0.980000 0.243042 0.167722 0.00 0.00 0.00 0.06 0.97 0.05 0.10 0.16 0.00 0.36 0.01 0.00 0.00 0.00 0.00 0.00 
71 0.002364 0.976316 0.252487 0.165207 0.00 0.00 0.00 0.04 0.97 0.08 0.09 0.14 0.00 0.33 0.00 0.00 0.00 0.00 0.00 0.00 
72 0.002246 0.976842 0.256083 0.157604 0.00 0.00 0.00 0.06 0.97 0.09 0.05 0.08 0.00 0.33 0.01 0.00 0.00 0.01 0.00 0.00 
73 0.002252 0.976842 0.249423 0.155680 0.00 0.00 0.00 0.05 0.98 0.12 0.03 0.08 0.00 0.25 0.00 0.00 0.00 0.00 0.00 0.00 
74 0.002604 0.973684 0.242712 0.163225 0.00 0.00 0.00 0.09 0.95 0.07 0.13 0.06 0.00 0.32 0.00 0.00 0.00 0.00 0.00 0.00 
75 0.002601 0.974211 0.248997 0.162130 0.00 0.00 0.00 0.07 0.97 0.06 0.05 0.12 0.00 0.39 0.00 0.00 0.00 0.00 0.00 0.00 
76 0.002267 0.979474 0.213124 0.196686 0.00 0.00 0.00 0.08 0.90 0.11 0.11 0.39 0.00 0.34 0.00 0.00 0.00 0.00 0.00 0.00 
77 0.002493 0.975789 0.233122 0.187899 0.00 0.00 0.00 0.06 0.91 0.10 0.11 0.34 0.00 0.33 0.00 0.00 0.00 0.00 0.00 0.00 
78 0.002074 0.980526 0.262664 0.155237 0.00 0.00 0.00 0.10 0.92 0.06 0.11 0.06 0.00 0.27 0.00 0.00 0.00 0.00 0.00 0.00 
79 0.002055 0.980000 0.258047 0.168432 0.00 0.00 0.00 0.09 0.88 0.05 0.14 0.17 0.00 0.37 0.00 0.00 0.00 0.00 0.00 0.00 
80 0.001897 0.979474 0.243717 0.167988 0.00 0.00 0.00 0.13 0.84 0.07 0.10 0.21 0.00 0.30 0.00 0.00 0.00 0.00 0.00 0.00 
81 0.001789 0.981579 0.245830 0.166657 0.00 0.00 0.00 0.15 0.80 0.06 0.11 0.21 0.00 0.32 0.00 0.00 0.00 0.00 0.00 0.00 
82 0.001925 0.985789 0.246055 0.172071 0.00 0.00 0.00 0.11 0.87 0.10 0.09 0.22 0.00 0.30 0.00 0.00 0.00 0.00 0.00 0.00 
83 0.001464 0.986316 0.237811 0.170740 0.00 0.00 0.00 0.13 0.86 0.10 0.12 0.13 0.00 0.37 0.00 0.00 0.00 0.00 0.00 0.00 
84 0.001699 0.986316 0.252074 0.167899 0.00 0.00 0.00 0.13 0.87 0.10 0.12 0.11 0.00 0.35 0.00 0.00 0.00 0.00 0.00 0.00 
85 0.001628 0.983684 0.243711 0.183284 0.00 0.00 0.00 0.15 0.79 0.10 0.21 0.20 0.00 0.39 0.00 0.00 0.00 0.00 0.00 0.00 
86 0.001693 0.987895 0.253933 0.182870 0.00 0.00 0.00 0.15 0.81 0.09 0.19 0.22 0.00 0.41 0.00 0.00 0.00 0.00 0.00 0.00 
87 0.001815 0.982105 0.258610 0.187870 0.00 0.00 0.00 0.16 0.76 0.08 0.25 0.25 0.00 0.38 0.00 0.00 0.00 0.00 0.00 0.00 
88 0.001653 0.982632 0.249285 0.186154 0.00 0.00 0.00 0.19 0.76 0.09 0.17 0.28 0.00 0.37 0.01 0.00 0.00 0.00 0.00 0.00 
89 0.001679 0.981053 0.249396 0.182485 0.00 0.00 0.00 0.15 0.79 0.10 0.15 0.26 0.00 0.36 0.00 0.00 0.00 0.00 0.00 0.00 
90 0.001759 0.985263 0.251790 0.178373 0.00 0.00 0.00 0.14 0.81 0.11 0.11 0.25 0.00 0.37 0.00 0.00 0.00 0.00 0.00 0.00 
91 0.001682 0.985263 0.260386 0.184290 0.00 0.00 0.00 0.13 0.82 0.13 0.18 0.23 0.00 0.31 0.00 0.00 0.00 0.00 0.00 0.00 
92 0.001718 0.983158 0.257464 0.187219 0.00 0.00 0.00 0.12 0.83 0.11 0.17 0.28 0.00 0.35 0.00 0.00 0.00 0.00 0.00 0.00 
93 0.001581 0.986316 0.250668 0.185266 0.00 0.00 0.00 0.16 0.79 0.07 0.18 0.28 0.00 0.37 0.01 0.00 0.00 0.00 0.00 0.00 
94 0.001592 0.984211 0.260640 0.176006 0.00 0.00 0.00 0.12 0.86 0.10 0.09 0.24 0.00 0.37 0.01 0.00 0.00 0.00 0.00 0.00 
95 0.001729 0.985263 0.252774 0.171834 0.00 0.00 0.00 0.19 0.77 0.09 0.07 0.24 0.00 0.40 0.00 0.00 0.00 0.00 0.00 0.00 
96 0.001728 0.983158 0.262421 0.172456 0.00 0.00 0.00 0.19 0.78 0.09 0.10 0.20 0.00 0.41 0.00 0.00 0.00 0.00 0.00 0.00 
97 0.001677 0.984737 0.238852 0.190059 0.00 0.00 0.00 0.16 0.86 0.20 0.10 0.26 0.00 0.22 0.00 0.00 0.00 0.00 0.00 0.00 
98 0.001485 0.985263 0.244679 0.185030 0.00 0.00 0.00 0.16 0.84 0.15 0.06 0.29 0.00 0.32 0.00 0.00 0.00 0.00 0.00 0.00 
99 0.001627 0.982632 0.247872 0.185592 0.00 0.00 0.00 0.21 0.77 0.11 0.09 0.30 0.00 0.38 0.00 0.00 0.00 0.00 0.00 0.00 
