0 29.829521 20.287203
1 17.750756 18.391890
2 15.831865 17.887857
3 14.565894 16.210321
4 13.754424 16.194040
5 13.125597 16.013771
6 12.672164 15.631899
7 12.269889 15.920516
8 11.898199 15.629403
9 11.637758 15.664474
10 11.367698 15.868106
11 11.156411 15.798402
12 11.028430 15.929461
13 10.812387 15.426816
14 10.665428 15.576818
15 10.519472 15.715663
16 10.399292 15.492733
17 10.312457 15.703459
18 10.203431 15.298495
19 10.096478 15.326584
20 8.824521 14.856362
21 8.628585 15.018805
22 8.544789 14.988317
23 8.440045 14.875298
24 8.363579 14.977466
25 8.278386 15.121043
26 8.235024 15.030396
27 8.178385 15.246050
28 8.141446 15.059975
29 8.061788 14.963706
30 8.045115 15.069955
