0 108.920528 64.442146
1 52.911977 39.214977
2 41.798258 35.729439
3 37.166428 32.102062
4 33.913274 28.254967
5 31.734473 28.201372
6 29.711388 27.349586
7 29.071891 29.365688
8 27.907709 26.698523
9 27.421380 25.825005
10 26.547026 25.381886
11 25.860659 25.148304
12 25.477282 24.738884
13 25.065826 24.321999
14 24.685476 24.814461
15 24.304122 24.998831
16 23.898537 24.642904
17 23.602578 26.155731
18 23.362769 23.814440
19 23.143649 23.480009
20 21.521655 23.361620
21 21.229270 22.646118
22 21.031863 22.431961
23 20.873573 21.736420
24 20.692714 21.479237
