Epoch Train_CE Train_Accuracy Validation_CE Validation_Accuracy
0 1.198799 0.601923 0.857597 0.728341 0.87 0.59 0.83 0.76 0.75 0.90 0.70 0.47 0.60 0.35 0.46 0.86 0.96 0.82 0.73 0.92 
1 0.729860 0.759744 0.800011 0.754904 0.81 0.63 0.88 0.78 0.76 0.80 0.68 0.59 0.66 0.62 0.48 0.85 1.00 0.89 0.88 0.94 
2 0.642746 0.790881 0.770176 0.768077 0.89 0.69 0.87 0.72 0.81 0.68 0.72 0.74 0.58 0.68 0.68 0.77 1.00 0.73 0.93 0.89 
3 0.603446 0.806266 0.783042 0.766707 0.85 0.77 0.85 0.70 0.78 0.82 0.67 0.87 0.51 0.55 0.39 0.79 0.99 0.70 0.92 0.77 
4 0.575998 0.815705 0.708725 0.790024 0.90 0.52 0.93 0.81 0.78 0.81 0.74 0.83 0.63 0.56 0.67 0.82 0.99 0.88 0.85 0.93 
5 0.544977 0.824776 0.684965 0.793389 0.89 0.77 0.93 0.82 0.81 0.67 0.74 0.76 0.63 0.72 0.49 0.78 0.98 0.87 0.83 0.94 
6 0.527311 0.832051 0.710744 0.794351 0.82 0.75 0.87 0.83 0.79 0.84 0.76 0.81 0.59 0.55 0.38 0.81 0.89 0.94 0.90 0.94 
7 0.525247 0.831074 0.728273 0.791106 0.84 0.77 0.92 0.81 0.79 0.84 0.64 0.83 0.62 0.67 0.52 0.83 1.00 0.91 0.78 0.64 
8 0.493679 0.841554 0.729791 0.786947 0.89 0.80 0.88 0.75 0.80 0.74 0.73 0.74 0.64 0.66 0.33 0.90 0.98 0.90 0.84 0.94 
9 0.485798 0.844455 0.685965 0.802284 0.94 0.65 0.91 0.85 0.75 0.83 0.73 0.79 0.59 0.69 0.53 0.86 0.95 0.90 0.93 0.87 
10 0.474046 0.847708 0.677361 0.798870 0.89 0.69 0.86 0.81 0.75 0.89 0.75 0.79 0.63 0.44 0.67 0.84 0.98 0.86 0.91 0.93 
11 0.461174 0.852340 0.711071 0.795745 0.87 0.60 0.90 0.80 0.83 0.79 0.75 0.83 0.53 0.68 0.73 0.83 1.00 0.86 0.91 0.81 
12 0.450673 0.854840 0.713318 0.795048 0.92 0.76 0.84 0.80 0.74 0.81 0.76 0.78 0.61 0.51 0.54 0.83 0.98 0.91 0.91 0.92 
13 0.450436 0.855032 0.684147 0.798678 0.84 0.81 0.92 0.78 0.80 0.71 0.77 0.80 0.61 0.63 0.48 0.85 0.98 0.91 0.88 0.92 
14 0.435423 0.859776 0.688527 0.802188 0.91 0.65 0.88 0.76 0.82 0.83 0.70 0.91 0.63 0.64 0.67 0.79 0.99 0.90 0.87 0.80 
15 0.432152 0.860801 0.704518 0.795649 0.88 0.68 0.93 0.81 0.84 0.76 0.72 0.76 0.55 0.69 0.62 0.86 0.99 0.81 0.91 0.91 
16 0.424449 0.863894 0.718704 0.801466 0.89 0.73 0.83 0.87 0.78 0.86 0.76 0.85 0.52 0.42 0.47 0.79 0.98 0.89 0.92 0.96 
17 0.415188 0.866090 0.669828 0.813462 0.92 0.73 0.90 0.84 0.78 0.77 0.79 0.81 0.67 0.52 0.62 0.90 0.96 0.92 0.93 0.90 
18 0.426442 0.862933 0.657459 0.814279 0.91 0.82 0.89 0.83 0.78 0.81 0.75 0.81 0.66 0.59 0.38 0.92 0.99 0.91 0.89 0.94 
19 0.405031 0.870561 0.757422 0.786058 0.85 0.59 0.86 0.82 0.85 0.77 0.73 0.86 0.59 0.69 0.63 0.85 0.91 0.67 0.94 0.91 
20 0.308008 0.898782 0.635145 0.827957 0.93 0.72 0.92 0.86 0.80 0.80 0.78 0.84 0.67 0.57 0.60 0.91 0.99 0.93 0.91 0.95 
21 0.290105 0.902853 0.687489 0.813438 0.91 0.75 0.92 0.82 0.80 0.73 0.72 0.83 0.64 0.70 0.62 0.89 1.00 0.90 0.89 0.93 
22 0.277962 0.907099 0.642686 0.820192 0.91 0.84 0.92 0.83 0.78 0.77 0.76 0.83 0.71 0.59 0.41 0.88 1.00 0.90 0.92 0.91 
23 0.273634 0.909151 0.655522 0.820601 0.91 0.72 0.90 0.83 0.82 0.79 0.75 0.81 0.69 0.66 0.70 0.92 0.98 0.90 0.91 0.95 
24 0.262495 0.911907 0.639521 0.831779 0.94 0.78 0.93 0.83 0.82 0.77 0.77 0.85 0.67 0.71 0.57 0.89 1.00 0.91 0.91 0.90 
25 0.258108 0.914279 0.647540 0.830962 0.93 0.76 0.87 0.86 0.79 0.84 0.75 0.86 0.67 0.65 0.63 0.92 0.99 0.93 0.90 0.94 
26 0.256662 0.913926 0.668883 0.824736 0.91 0.81 0.92 0.83 0.80 0.72 0.77 0.87 0.70 0.67 0.51 0.87 0.98 0.89 0.92 0.93 
27 0.248228 0.916186 0.678610 0.824712 0.92 0.77 0.95 0.84 0.84 0.82 0.74 0.82 0.61 0.62 0.49 0.87 0.94 0.89 0.92 0.93 
28 0.246206 0.917340 0.663588 0.834784 0.92 0.84 0.92 0.85 0.81 0.81 0.74 0.86 0.61 0.70 0.51 0.91 0.98 0.92 0.90 0.92 
29 0.242408 0.917452 0.678063 0.821587 0.92 0.73 0.89 0.83 0.82 0.71 0.77 0.86 0.71 0.66 0.72 0.87 1.00 0.94 0.91 0.94 
30 0.236507 0.920801 0.663819 0.822957 0.91 0.75 0.93 0.86 0.78 0.77 0.80 0.80 0.69 0.64 0.62 0.88 1.00 0.87 0.91 0.92 
