Epoch Train_CE Train_Accuracy Validation_CE Validation_Accuracy
0 69.120833 0.065433 10.413866 0.034135 0.00 0.02 0.00 0.00 0.00 0.00 0.00 0.03 0.91 0.00 0.00 0.02 0.00 0.00 0.00 0.00 
1 208.021628 0.068157 7.033423 0.094495 0.98 0.00 0.00 0.00 0.00 0.00 0.00 0.00 0.02 0.00 0.00 0.05 0.00 0.00 0.00 0.00 
2 13.921484 0.070913 4.576493 0.098005 0.02 0.00 0.00 1.00 0.00 0.00 0.00 0.01 0.02 0.00 0.00 0.03 0.00 0.00 0.00 0.00 
3 6.914110 0.080705 2.910388 0.097885 0.99 0.00 0.00 0.00 0.00 0.00 0.00 0.04 0.00 0.00 0.00 0.02 0.00 0.00 0.00 0.02 
4 3.582033 0.100128 2.755204 0.092813 0.05 0.00 0.13 0.00 0.00 0.00 0.00 0.77 0.00 0.00 0.00 0.00 0.00 0.00 0.00 0.09 
5 3.051753 0.119103 4.111309 0.090601 0.00 0.00 0.01 0.00 0.00 0.00 0.05 0.88 0.00 0.00 0.00 0.05 0.00 0.00 0.01 0.00 
6 2.794705 0.149183 2.706192 0.175433 0.00 0.00 0.96 0.03 0.38 0.18 0.15 0.03 0.00 0.24 0.00 0.04 0.00 0.00 0.00 0.13 
7 10.854029 0.105385 12.219845 0.099014 0.00 0.05 0.00 0.00 0.98 0.00 0.00 0.02 0.02 0.00 0.00 0.00 0.00 0.00 0.00 0.00 
8 3.300589 0.106090 2.606542 0.167716 0.00 0.00 0.26 0.32 0.64 0.14 0.18 0.21 0.00 0.07 0.00 0.00 0.00 0.00 0.00 0.00 
9 2.635793 0.161522 2.630078 0.231923 0.00 0.04 0.85 0.63 0.36 0.23 0.12 0.20 0.00 0.14 0.00 0.00 0.00 0.00 0.00 0.00 
10 2.365615 0.207067 1.986359 0.292885 0.06 0.06 0.86 0.39 0.60 0.47 0.36 0.03 0.00 0.00 0.19 0.00 0.00 0.00 0.71 0.00 
11 2.120701 0.281667 1.653025 0.417981 0.73 0.25 0.62 0.64 0.63 0.12 0.50 0.49 0.00 0.03 0.05 0.24 0.01 0.04 0.76 0.33 
12 1.905056 0.361859 1.563195 0.450168 0.87 0.02 0.95 0.84 0.58 0.61 0.13 0.21 0.03 0.12 0.00 0.15 0.00 0.67 0.16 0.66 
13 1.778768 0.412147 1.621595 0.438486 0.75 0.24 0.96 0.75 0.46 0.61 0.43 0.07 0.37 0.06 0.00 0.01 0.24 0.01 0.05 0.47 
14 1.679454 0.449471 1.362173 0.536827 0.92 0.20 0.93 0.76 0.64 0.49 0.55 0.49 0.23 0.01 0.02 0.23 0.03 0.68 0.31 0.75 
15 1.549813 0.483654 1.292699 0.551442 0.88 0.23 0.93 0.83 0.53 0.64 0.29 0.50 0.45 0.12 0.22 0.08 0.43 0.64 0.38 0.86 
16 1.465720 0.510657 1.250796 0.563173 0.88 0.05 0.87 0.79 0.66 0.67 0.41 0.50 0.41 0.09 0.31 0.38 0.13 0.60 0.67 0.94 
17 1.391746 0.533349 1.121626 0.621298 0.89 0.34 0.88 0.81 0.69 0.79 0.32 0.58 0.44 0.01 0.24 0.39 0.39 0.69 0.85 0.93 
18 1.312144 0.559103 1.497267 0.630962 0.86 0.40 0.88 0.83 0.56 0.63 0.49 0.57 0.46 0.03 0.06 0.73 0.80 0.80 0.77 0.92 
19 1.243304 0.581811 2.009108 0.628822 0.89 0.61 0.92 0.79 0.53 0.67 0.44 0.47 0.32 0.04 0.05 0.57 0.93 0.89 0.45 0.92 
20 1.100277 0.628606 0.942654 0.679784 0.93 0.57 0.89 0.84 0.74 0.67 0.51 0.54 0.44 0.16 0.16 0.68 0.84 0.86 0.65 0.92 
21 1.060747 0.645417 1.045508 0.694663 0.93 0.56 0.91 0.80 0.73 0.79 0.48 0.63 0.58 0.04 0.15 0.71 0.84 0.73 0.75 0.93 
22 1.016175 0.658429 0.884142 0.715721 0.87 0.51 0.89 0.81 0.78 0.91 0.47 0.72 0.53 0.01 0.36 0.74 0.95 0.76 0.76 0.91 
23 0.987674 0.670577 0.857537 0.722500 0.90 0.54 0.91 0.81 0.75 0.89 0.51 0.69 0.58 0.09 0.31 0.73 0.95 0.79 0.77 0.85 
24 0.966633 0.677708 0.865406 0.715409 0.93 0.33 0.89 0.84 0.75 0.78 0.55 0.70 0.51 0.34 0.55 0.70 0.93 0.82 0.81 0.90 
25 0.934814 0.690208 0.817291 0.738341 0.88 0.60 0.89 0.81 0.78 0.79 0.59 0.71 0.55 0.25 0.36 0.76 0.94 0.85 0.85 0.90 
26 0.911457 0.698189 0.808113 0.742260 0.93 0.64 0.89 0.79 0.77 0.75 0.60 0.66 0.55 0.43 0.36 0.75 0.94 0.85 0.84 0.91 
27 0.901955 0.700288 0.837213 0.725313 0.88 0.53 0.89 0.83 0.71 0.82 0.57 0.67 0.54 0.31 0.35 0.77 0.95 0.84 0.83 0.92 
28 0.888767 0.706522 0.899674 0.710577 0.90 0.48 0.92 0.84 0.69 0.84 0.53 0.67 0.48 0.11 0.47 0.65 0.90 0.84 0.79 0.91 
29 0.875576 0.709888 0.795802 0.743606 0.93 0.48 0.89 0.82 0.79 0.86 0.56 0.68 0.56 0.28 0.65 0.76 0.98 0.86 0.84 0.90 
30 0.844829 0.720657 0.779584 0.750938 0.90 0.62 0.91 0.82 0.77 0.84 0.60 0.73 0.54 0.35 0.30 0.71 0.94 0.81 0.86 0.92 
31 0.836529 0.721250 0.776464 0.751611 0.86 0.59 0.91 0.85 0.81 0.79 0.57 0.74 0.54 0.36 0.50 0.82 0.99 0.82 0.82 0.87 
32 0.826864 0.726939 0.793693 0.744062 0.94 0.52 0.92 0.82 0.76 0.87 0.60 0.69 0.52 0.31 0.54 0.74 0.94 0.81 0.74 0.92 
33 0.800722 0.734311 0.776113 0.758389 0.90 0.70 0.91 0.86 0.78 0.74 0.57 0.76 0.54 0.37 0.36 0.75 0.99 0.85 0.86 0.91 
34 0.798140 0.737372 0.768029 0.758798 0.94 0.66 0.89 0.81 0.77 0.81 0.57 0.75 0.52 0.40 0.39 0.75 0.94 0.86 0.85 0.91 
35 0.783041 0.742452 0.747112 0.762163 0.90 0.60 0.89 0.83 0.79 0.87 0.57 0.73 0.58 0.32 0.58 0.87 0.95 0.80 0.84 0.89 
36 0.768703 0.744615 0.749776 0.759038 0.94 0.53 0.91 0.83 0.82 0.76 0.64 0.72 0.60 0.42 0.63 0.67 0.98 0.88 0.83 0.83 
37 0.766555 0.748429 0.745966 0.762692 0.93 0.65 0.89 0.87 0.78 0.70 0.63 0.76 0.52 0.57 0.58 0.81 0.98 0.79 0.81 0.72 
38 0.756999 0.751058 0.744308 0.760721 0.93 0.54 0.94 0.84 0.77 0.70 0.64 0.72 0.60 0.59 0.65 0.78 0.98 0.73 0.85 0.88 
39 0.740452 0.756138 0.740288 0.767260 0.89 0.59 0.89 0.82 0.79 0.80 0.64 0.76 0.64 0.43 0.54 0.87 0.99 0.77 0.90 0.88 
40 0.680524 0.776074 0.699986 0.777909 0.92 0.58 0.92 0.82 0.79 0.75 0.67 0.79 0.62 0.57 0.64 0.85 0.99 0.79 0.83 0.88 
41 0.658792 0.783590 0.688801 0.782788 0.90 0.61 0.91 0.84 0.80 0.75 0.65 0.81 0.54 0.56 0.70 0.81 0.99 0.86 0.89 0.90 
42 0.650267 0.789439 0.686309 0.786851 0.89 0.65 0.92 0.85 0.82 0.72 0.67 0.79 0.58 0.61 0.67 0.85 0.97 0.76 0.86 0.91 
43 0.642767 0.789471 0.687150 0.783702 0.92 0.70 0.90 0.84 0.79 0.78 0.64 0.79 0.62 0.40 0.56 0.83 0.99 0.84 0.87 0.90 
44 0.635523 0.792756 0.685361 0.784014 0.91 0.66 0.93 0.83 0.80 0.73 0.68 0.78 0.58 0.57 0.63 0.82 0.95 0.84 0.84 0.89 
45 0.630767 0.794503 0.667316 0.794159 0.90 0.70 0.91 0.81 0.80 0.76 0.69 0.82 0.62 0.58 0.58 0.88 0.97 0.85 0.82 0.93 
46 0.623568 0.796667 0.688063 0.780793 0.94 0.62 0.89 0.82 0.81 0.73 0.68 0.75 0.58 0.56 0.65 0.85 0.99 0.86 0.83 0.89 
47 0.622485 0.796378 0.666542 0.793942 0.93 0.61 0.93 0.85 0.80 0.80 0.70 0.80 0.58 0.50 0.65 0.80 0.99 0.85 0.88 0.92 
48 0.610151 0.800016 0.669950 0.790769 0.92 0.69 0.91 0.86 0.79 0.72 0.64 0.80 0.59 0.60 0.60 0.86 1.00 0.85 0.89 0.93 
49 0.608805 0.802804 0.690801 0.783678 0.94 0.67 0.90 0.81 0.80 0.71 0.65 0.77 0.57 0.60 0.66 0.88 0.99 0.86 0.86 0.90 
50 0.605253 0.803125 0.677012 0.790264 0.94 0.71 0.91 0.83 0.83 0.75 0.66 0.73 0.59 0.56 0.62 0.77 0.99 0.86 0.87 0.92 
51 0.596420 0.806587 0.646947 0.799976 0.91 0.70 0.93 0.85 0.80 0.73 0.67 0.80 0.63 0.69 0.60 0.87 0.99 0.88 0.87 0.94 
52 0.593323 0.806891 0.653308 0.802067 0.92 0.67 0.93 0.85 0.82 0.79 0.69 0.82 0.62 0.59 0.62 0.79 0.98 0.83 0.83 0.91 
53 0.589351 0.808766 0.665590 0.796683 0.91 0.73 0.91 0.79 0.82 0.73 0.66 0.83 0.60 0.65 0.63 0.83 0.98 0.87 0.87 0.90 
54 0.583023 0.809904 0.748822 0.794808 0.92 0.72 0.91 0.84 0.80 0.69 0.70 0.80 0.62 0.60 0.54 0.87 0.98 0.87 0.88 0.92 
55 0.576035 0.812885 1.208428 0.801466 0.92 0.72 0.92 0.86 0.78 0.78 0.71 0.79 0.58 0.55 0.60 0.82 0.99 0.86 0.88 0.90 
56 0.575105 0.813365 0.819253 0.801274 0.91 0.70 0.93 0.84 0.79 0.78 0.70 0.79 0.62 0.55 0.58 0.85 1.00 0.88 0.89 0.94 
57 0.568395 0.817179 539.129395 0.789447 0.94 0.73 0.91 0.82 0.82 0.73 0.66 0.80 0.62 0.49 0.55 0.84 0.98 0.87 0.86 0.89 
58 0.569096 0.816266 3.353628 0.805529 0.91 0.71 0.92 0.85 0.81 0.82 0.70 0.81 0.62 0.52 0.60 0.85 0.99 0.85 0.89 0.93 
59 0.558206 0.818221 0.705416 0.804567 0.92 0.73 0.91 0.85 0.81 0.78 0.69 0.81 0.62 0.57 0.57 0.87 0.97 0.86 0.88 0.92 
60 0.526917 0.830112 226.064392 0.803365 0.91 0.71 0.92 0.84 0.80 0.80 0.69 0.84 0.60 0.51 0.60 0.86 0.99 0.89 0.86 0.89 
61 0.522518 0.831651 0.642020 0.808510 0.93 0.71 0.90 0.83 0.83 0.78 0.68 0.84 0.58 0.67 0.66 0.83 0.99 0.88 0.86 0.87 
62 0.518550 0.832228 33.474712 0.805072 0.89 0.74 0.92 0.84 0.78 0.79 0.68 0.83 0.63 0.57 0.60 0.88 0.99 0.88 0.87 0.92 
63 0.512117 0.833878 577.430359 0.808510 0.92 0.70 0.93 0.84 0.82 0.82 0.71 0.82 0.58 0.51 0.57 0.85 0.99 0.87 0.89 0.91 
64 0.508189 0.835609 0.802214 0.809183 0.93 0.71 0.93 0.84 0.80 0.80 0.72 0.81 0.58 0.61 0.63 0.85 0.98 0.88 0.87 0.90 
65 0.505042 0.836747 2.004207 0.803029 0.93 0.66 0.93 0.84 0.79 0.78 0.70 0.81 0.58 0.64 0.67 0.84 0.99 0.87 0.88 0.91 
66 0.502863 0.835256 1.064908 0.812308 0.92 0.76 0.92 0.85 0.81 0.79 0.67 0.84 0.62 0.64 0.58 0.87 0.96 0.84 0.86 0.92 
67 0.502858 0.838622 11419.278320 0.800625 0.93 0.69 0.91 0.85 0.79 0.75 0.68 0.84 0.62 0.52 0.62 0.86 0.99 0.85 0.89 0.91 
68 0.497705 0.838846 23.843592 0.811418 0.92 0.73 0.91 0.85 0.82 0.81 0.68 0.85 0.62 0.60 0.60 0.81 0.98 0.86 0.83 0.92 
69 0.493681 0.839792 996.524536 0.810216 0.91 0.75 0.91 0.86 0.81 0.75 0.71 0.85 0.63 0.56 0.59 0.85 0.98 0.87 0.87 0.91 
70 0.490687 0.840112 89.070793 0.808870 0.91 0.73 0.92 0.86 0.81 0.77 0.69 0.81 0.63 0.62 0.61 0.87 0.99 0.90 0.86 0.90 
71 0.487200 0.840577 10.589417 0.805024 0.95 0.70 0.91 0.86 0.80 0.74 0.70 0.78 0.62 0.67 0.67 0.87 0.98 0.86 0.87 0.90 
