Epoch Train_CE Train_Accuracy Validation_CE Validation_Accuracy
0 2.064867 0.372212 1.683446 0.454784 0.90 0.03 0.63 0.56 0.83 0.49 0.23 0.72 0.19 0.02 0.03 0.07 0.00 0.00 0.35 0.72 
1 1.163440 0.611987 1.221038 0.594423 0.92 0.35 0.37 0.72 0.78 0.86 0.55 0.61 0.40 0.03 0.23 0.10 0.88 0.42 0.53 0.93 
2 0.986235 0.679103 1.090132 0.669928 0.84 0.42 0.92 0.75 0.79 0.66 0.61 0.69 0.54 0.32 0.37 0.51 0.73 0.54 0.58 0.80 
3 0.901422 0.709936 1.059860 0.689111 0.88 0.41 0.81 0.76 0.84 0.85 0.63 0.69 0.49 0.39 0.31 0.70 0.62 0.53 0.70 0.67 
4 0.827791 0.737244 1.046397 0.685168 0.89 0.42 0.85 0.70 0.88 0.78 0.71 0.51 0.64 0.27 0.37 0.77 0.27 0.81 0.72 0.85 
5 0.774346 0.753798 0.968582 0.713029 0.92 0.53 0.88 0.75 0.85 0.75 0.66 0.70 0.64 0.34 0.47 0.69 0.38 0.64 0.71 0.85 
6 0.719643 0.772981 0.940950 0.718822 0.93 0.57 0.92 0.76 0.84 0.79 0.54 0.74 0.48 0.53 0.36 0.61 0.42 0.74 0.66 0.93 
7 0.683551 0.786458 0.907592 0.739543 0.92 0.54 0.92 0.66 0.85 0.71 0.57 0.74 0.70 0.52 0.52 0.76 0.90 0.84 0.81 0.86 
8 0.648414 0.798109 0.849370 0.761779 0.92 0.66 0.93 0.80 0.84 0.83 0.60 0.75 0.57 0.58 0.46 0.77 0.77 0.84 0.61 0.83 
9 0.624111 0.802692 0.923612 0.734327 0.92 0.57 0.84 0.70 0.87 0.83 0.57 0.78 0.65 0.39 0.47 0.78 0.49 0.77 0.83 0.89 
10 0.595581 0.814006 0.880246 0.743966 0.92 0.56 0.92 0.70 0.83 0.78 0.65 0.78 0.60 0.46 0.51 0.70 0.68 0.82 0.83 0.83 
11 0.570101 0.820545 0.798224 0.771346 0.92 0.59 0.89 0.80 0.84 0.73 0.68 0.81 0.66 0.69 0.54 0.85 0.72 0.73 0.83 0.93 
12 0.548397 0.829038 0.860339 0.752572 0.91 0.47 0.88 0.71 0.88 0.79 0.62 0.80 0.65 0.46 0.61 0.85 0.85 0.77 0.82 0.86 
13 0.531289 0.834087 0.777591 0.782692 0.92 0.67 0.92 0.74 0.84 0.74 0.71 0.78 0.70 0.55 0.61 0.76 0.99 0.82 0.81 0.82 
14 0.517029 0.837772 0.813256 0.770385 0.92 0.57 0.91 0.79 0.87 0.87 0.62 0.78 0.63 0.53 0.65 0.80 0.71 0.63 0.85 0.87 
15 0.499441 0.842933 0.749116 0.788942 0.92 0.69 0.94 0.83 0.86 0.80 0.68 0.81 0.60 0.48 0.52 0.68 0.92 0.81 0.78 0.89 
16 0.487469 0.847612 0.752850 0.789087 0.90 0.53 0.94 0.84 0.83 0.85 0.66 0.82 0.60 0.60 0.69 0.81 0.88 0.84 0.83 0.88 
17 0.472052 0.851907 0.781575 0.780913 0.93 0.67 0.88 0.76 0.85 0.77 0.68 0.79 0.68 0.57 0.66 0.78 0.79 0.79 0.86 0.89 
18 0.454573 0.856827 0.752996 0.785168 0.95 0.63 0.90 0.80 0.87 0.84 0.68 0.77 0.63 0.52 0.63 0.78 0.73 0.85 0.87 0.83 
19 0.444428 0.858926 0.757547 0.785673 0.90 0.66 0.93 0.80 0.87 0.81 0.67 0.84 0.59 0.60 0.64 0.78 0.76 0.72 0.76 0.87 
20 0.383691 0.878478 0.724566 0.796298 0.93 0.66 0.92 0.80 0.86 0.82 0.64 0.83 0.61 0.58 0.63 0.86 0.88 0.84 0.87 0.84 
21 0.364153 0.884151 0.706163 0.801635 0.92 0.69 0.92 0.82 0.86 0.83 0.63 0.82 0.67 0.64 0.66 0.86 0.80 0.82 0.84 0.89 
22 0.355090 0.888253 0.722656 0.801611 0.91 0.62 0.91 0.84 0.85 0.83 0.65 0.88 0.67 0.57 0.63 0.84 0.92 0.84 0.83 0.88 
23 0.345535 0.890673 0.694377 0.809880 0.93 0.62 0.92 0.85 0.83 0.84 0.70 0.85 0.62 0.61 0.69 0.85 0.92 0.82 0.85 0.91 
24 0.337348 0.891699 0.737637 0.803990 0.93 0.67 0.91 0.78 0.82 0.85 0.70 0.87 0.63 0.53 0.64 0.82 0.92 0.84 0.85 0.90 
25 0.330953 0.895561 0.686788 0.816442 0.92 0.69 0.92 0.82 0.84 0.83 0.71 0.85 0.61 0.62 0.66 0.85 0.96 0.87 0.87 0.90 
26 0.320034 0.898638 0.716350 0.805240 0.93 0.70 0.93 0.84 0.81 0.83 0.64 0.83 0.67 0.61 0.64 0.83 0.95 0.80 0.86 0.90 
27 0.315197 0.899375 0.689039 0.813197 0.94 0.75 0.94 0.82 0.85 0.84 0.68 0.80 0.64 0.57 0.61 0.84 0.89 0.87 0.86 0.91 
28 0.307603 0.901987 0.695452 0.813870 0.94 0.70 0.91 0.81 0.86 0.84 0.71 0.87 0.57 0.61 0.65 0.81 0.89 0.84 0.87 0.86 
29 0.304143 0.903734 0.706095 0.814447 0.92 0.72 0.93 0.84 0.84 0.82 0.69 0.87 0.64 0.61 0.61 0.84 0.95 0.85 0.88 0.85 
30 0.296166 0.906571 0.699714 0.813798 0.94 0.71 0.91 0.81 0.84 0.84 0.69 0.85 0.62 0.56 0.65 0.87 0.98 0.88 0.87 0.87 
31 0.290665 0.907692 0.704302 0.809760 0.94 0.64 0.92 0.83 0.85 0.81 0.70 0.84 0.65 0.59 0.66 0.88 0.93 0.88 0.87 0.89 
32 0.287871 0.908782 0.716315 0.813942 0.93 0.71 0.92 0.81 0.85 0.83 0.69 0.87 0.65 0.55 0.62 0.84 0.94 0.87 0.84 0.89 
33 0.280903 0.910513 0.697470 0.813197 0.94 0.69 0.93 0.81 0.84 0.82 0.70 0.83 0.66 0.62 0.63 0.83 0.97 0.86 0.86 0.87 
34 0.278014 0.913494 0.711849 0.816659 0.93 0.69 0.92 0.82 0.84 0.84 0.67 0.85 0.63 0.67 0.69 0.84 0.98 0.83 0.87 0.91 
35 0.273680 0.913029 0.733792 0.805697 0.90 0.74 0.92 0.78 0.85 0.78 0.72 0.87 0.64 0.58 0.61 0.87 0.86 0.86 0.84 0.86 
