Epoch Train_CE_CD Train_CE Train_Accuracy Train_CD Validation_CE_CD Validation_CE Validation_Accuracy Validation_CD
0 2.247775 1.678376 0.570641 # 0.71 0.42 0.69 0.65 0.63 0.64 0.62 0.55 0.45 0.35 0.36 0.47 0.64 0.48 0.62 0.50 # 56.939866  1.472603 1.041082 0.655553 # 0.85 0.54 0.86 0.71 0.71 0.42 0.77 0.38 0.43 0.49 0.40 0.78 0.61 0.77 0.87 0.94 # 43.152055 
1 1.318589 0.917782 0.702276 # 0.85 0.59 0.80 0.78 0.74 0.74 0.71 0.59 0.59 0.54 0.40 0.54 0.87 0.71 0.80 0.80 # 40.080735  1.393279 1.002280 0.691899 # 0.84 0.66 0.89 0.79 0.57 0.79 0.78 0.39 0.41 0.32 0.29 0.53 0.90 0.73 0.93 0.91 # 39.099963 
2 1.092918 0.752901 0.753397 # 0.88 0.64 0.85 0.82 0.79 0.77 0.74 0.65 0.65 0.60 0.49 0.62 0.92 0.79 0.86 0.86 # 34.001773  1.292034 0.921657 0.706346 # 0.84 0.75 0.88 0.77 0.71 0.88 0.54 0.55 0.62 0.15 0.34 0.39 0.92 0.85 0.81 0.77 # 37.037684 
3 1.071075 0.740564 0.762163 # 0.88 0.65 0.85 0.83 0.79 0.78 0.74 0.67 0.66 0.62 0.52 0.65 0.92 0.81 0.86 0.85 # 33.051082  1.362430 0.986807 0.691635 # 0.81 0.48 0.88 0.76 0.77 0.60 0.70 0.53 0.26 0.73 0.52 0.60 0.97 0.78 0.83 0.89 # 37.562281 
4 0.984459 0.668579 0.780465 # 0.90 0.65 0.87 0.85 0.81 0.80 0.75 0.68 0.68 0.63 0.57 0.70 0.94 0.83 0.89 0.88 # 31.587997  1.155941 0.827823 0.750216 # 0.88 0.68 0.88 0.73 0.78 0.72 0.58 0.73 0.55 0.66 0.56 0.76 1.00 0.89 0.82 0.83 # 32.811846 
5 0.908122 0.613728 0.802853 # 0.91 0.68 0.88 0.86 0.82 0.82 0.78 0.73 0.72 0.66 0.59 0.74 0.95 0.86 0.89 0.89 # 29.439455  1.075292 0.775085 0.764207 # 0.75 0.70 0.86 0.77 0.79 0.84 0.74 0.71 0.59 0.45 0.46 0.81 0.98 0.87 0.88 0.92 # 30.020768 
6 0.859582 0.577403 0.812500 # 0.92 0.70 0.89 0.88 0.84 0.81 0.77 0.75 0.72 0.67 0.60 0.75 0.95 0.88 0.90 0.90 # 28.217915  1.059499 0.768313 0.770769 # 0.88 0.69 0.90 0.75 0.81 0.73 0.71 0.72 0.61 0.63 0.54 0.75 0.95 0.88 0.84 0.90 # 29.118575 
7 0.828748 0.554276 0.820160 # 0.92 0.70 0.89 0.88 0.85 0.82 0.78 0.77 0.74 0.67 0.61 0.77 0.96 0.89 0.91 0.91 # 27.447200  1.013276 0.730852 0.784038 # 0.92 0.70 0.91 0.81 0.79 0.80 0.73 0.71 0.56 0.58 0.58 0.56 0.98 0.91 0.87 0.94 # 28.242413 
8 0.895493 0.608575 0.802901 # 0.91 0.67 0.88 0.87 0.84 0.80 0.77 0.74 0.72 0.66 0.60 0.76 0.94 0.86 0.89 0.88 # 28.691867  1.015717 0.724756 0.787813 # 0.92 0.73 0.88 0.83 0.79 0.80 0.76 0.78 0.60 0.36 0.38 0.79 0.94 0.89 0.87 0.92 # 29.096115 
9 0.784423 0.519741 0.831074 # 0.93 0.72 0.90 0.89 0.86 0.83 0.79 0.79 0.75 0.69 0.63 0.79 0.96 0.90 0.92 0.91 # 26.468265  0.946967 0.681234 0.799399 # 0.92 0.65 0.90 0.82 0.81 0.82 0.75 0.80 0.61 0.61 0.63 0.83 0.98 0.84 0.88 0.81 # 26.573379 
10 0.776603 0.514171 0.833221 # 0.93 0.72 0.89 0.89 0.87 0.83 0.79 0.80 0.75 0.70 0.63 0.78 0.97 0.90 0.92 0.91 # 26.243189  0.946380 0.675648 0.802861 # 0.88 0.73 0.91 0.86 0.77 0.85 0.73 0.83 0.67 0.40 0.58 0.84 0.99 0.80 0.78 0.95 # 27.073176 
11 0.852767 0.574384 0.816955 # 0.92 0.70 0.88 0.87 0.85 0.82 0.78 0.78 0.74 0.68 0.58 0.76 0.96 0.88 0.90 0.89 # 27.838281  0.989578 0.721209 0.790264 # 0.90 0.75 0.93 0.78 0.82 0.74 0.73 0.68 0.64 0.67 0.60 0.89 0.99 0.83 0.84 0.87 # 26.836920 
12 0.752767 0.495172 0.838125 # 0.93 0.72 0.90 0.89 0.87 0.83 0.79 0.81 0.76 0.70 0.63 0.81 0.97 0.91 0.92 0.91 # 25.759527  0.964412 0.696922 0.795385 # 0.89 0.74 0.85 0.80 0.84 0.74 0.70 0.84 0.59 0.70 0.52 0.81 0.98 0.88 0.86 0.86 # 26.749043 
13 0.733812 0.479810 0.843141 # 0.94 0.73 0.90 0.89 0.88 0.83 0.79 0.83 0.77 0.71 0.63 0.81 0.97 0.90 0.92 0.92 # 25.400124  0.963527 0.692353 0.802885 # 0.91 0.76 0.89 0.83 0.76 0.80 0.73 0.79 0.65 0.50 0.59 0.88 0.98 0.87 0.89 0.95 # 27.117390 
14 0.713668 0.463289 0.847901 # 0.94 0.73 0.91 0.90 0.88 0.85 0.79 0.83 0.78 0.72 0.65 0.83 0.97 0.91 0.92 0.92 # 25.037910  0.945481 0.681676 0.802260 # 0.88 0.69 0.90 0.83 0.85 0.78 0.73 0.85 0.61 0.62 0.70 0.61 0.98 0.86 0.93 0.84 # 26.380530 
15 0.720084 0.469113 0.847212 # 0.94 0.73 0.91 0.90 0.89 0.84 0.80 0.83 0.78 0.72 0.65 0.82 0.97 0.91 0.93 0.91 # 25.097085  0.976051 0.714083 0.792236 # 0.87 0.69 0.94 0.77 0.74 0.79 0.77 0.79 0.64 0.55 0.71 0.80 1.00 0.92 0.75 0.92 # 26.196835 
16 0.697095 0.450265 0.851394 # 0.94 0.74 0.90 0.90 0.88 0.84 0.81 0.83 0.78 0.73 0.65 0.82 0.98 0.93 0.93 0.92 # 24.682965  0.952213 0.686318 0.800216 # 0.90 0.71 0.86 0.83 0.82 0.75 0.73 0.81 0.61 0.60 0.68 0.80 0.98 0.84 0.93 0.95 # 26.589467 
17 0.678440 0.435900 0.857035 # 0.95 0.74 0.91 0.91 0.89 0.85 0.81 0.84 0.80 0.73 0.64 0.83 0.98 0.93 0.93 0.93 # 24.254016  0.948081 0.691515 0.804014 # 0.90 0.67 0.89 0.83 0.84 0.81 0.74 0.80 0.65 0.67 0.60 0.83 0.96 0.90 0.74 0.93 # 25.656581 
18 0.678225 0.435279 0.855881 # 0.94 0.75 0.91 0.90 0.89 0.85 0.80 0.84 0.79 0.73 0.65 0.83 0.98 0.92 0.93 0.93 # 24.294591  0.916947 0.661725 0.813005 # 0.90 0.76 0.91 0.83 0.81 0.76 0.74 0.86 0.67 0.65 0.56 0.79 0.96 0.87 0.92 0.90 # 25.522172 
19 0.664738 0.425548 0.859840 # 0.94 0.75 0.91 0.91 0.90 0.86 0.81 0.85 0.80 0.73 0.65 0.84 0.97 0.93 0.94 0.93 # 23.918958  0.908143 0.654871 0.812572 # 0.93 0.75 0.91 0.82 0.80 0.81 0.76 0.74 0.71 0.51 0.61 0.90 0.99 0.83 0.93 0.95 # 25.327128 
20 0.538934 0.325185 0.890513 # 0.96 0.78 0.93 0.94 0.93 0.88 0.84 0.90 0.85 0.78 0.69 0.88 0.99 0.95 0.96 0.96 # 21.374932  0.861450 0.631987 0.822548 # 0.89 0.70 0.93 0.86 0.81 0.80 0.76 0.83 0.68 0.60 0.62 0.90 1.00 0.88 0.94 0.95 # 22.946345 
21 0.516565 0.310404 0.894968 # 0.97 0.79 0.93 0.94 0.94 0.88 0.84 0.90 0.87 0.79 0.70 0.88 0.99 0.95 0.96 0.95 # 20.616089  0.865934 0.638230 0.822596 # 0.91 0.76 0.91 0.84 0.83 0.80 0.78 0.83 0.64 0.60 0.53 0.89 0.98 0.87 0.91 0.95 # 22.770354 
22 0.501050 0.298934 0.898285 # 0.96 0.79 0.93 0.95 0.94 0.88 0.85 0.90 0.88 0.79 0.71 0.88 0.99 0.96 0.97 0.96 # 20.211603  0.856358 0.633387 0.823077 # 0.93 0.75 0.92 0.84 0.82 0.84 0.73 0.80 0.61 0.62 0.59 0.91 0.99 0.90 0.93 0.89 # 22.297147 
23 0.490762 0.290933 0.901779 # 0.97 0.81 0.93 0.95 0.94 0.89 0.86 0.91 0.88 0.79 0.71 0.89 0.99 0.95 0.97 0.96 # 19.982856  0.856479 0.633549 0.825913 # 0.91 0.74 0.93 0.84 0.80 0.81 0.77 0.85 0.66 0.62 0.61 0.87 0.97 0.92 0.89 0.92 # 22.293028 
24 0.479665 0.282089 0.904936 # 0.97 0.81 0.94 0.95 0.94 0.89 0.86 0.91 0.88 0.81 0.72 0.89 0.99 0.96 0.97 0.96 # 19.757634  0.875715 0.651686 0.824567 # 0.94 0.71 0.92 0.83 0.82 0.87 0.74 0.83 0.67 0.53 0.58 0.88 0.97 0.88 0.94 0.95 # 22.402866 
25 0.472353 0.276778 0.906603 # 0.97 0.81 0.93 0.95 0.95 0.89 0.86 0.92 0.89 0.82 0.72 0.89 0.99 0.96 0.97 0.96 # 19.557521  0.855916 0.636928 0.824207 # 0.93 0.76 0.90 0.84 0.82 0.81 0.74 0.85 0.66 0.59 0.59 0.90 0.99 0.89 0.92 0.93 # 21.898788 
26 0.463220 0.269850 0.909599 # 0.97 0.82 0.94 0.96 0.95 0.89 0.86 0.92 0.90 0.82 0.72 0.90 0.99 0.96 0.97 0.96 # 19.336968  0.884525 0.666021 0.824303 # 0.94 0.72 0.90 0.84 0.82 0.77 0.78 0.81 0.68 0.68 0.63 0.90 0.99 0.90 0.89 0.96 # 21.850349 
27 0.462475 0.269140 0.908061 # 0.97 0.81 0.94 0.96 0.95 0.89 0.86 0.92 0.89 0.81 0.72 0.88 0.99 0.97 0.97 0.96 # 19.333573  0.867422 0.648338 0.826202 # 0.91 0.72 0.91 0.84 0.79 0.82 0.76 0.84 0.67 0.66 0.70 0.89 1.00 0.92 0.93 0.93 # 21.908357 
28 0.453727 0.261715 0.910946 # 0.98 0.82 0.94 0.95 0.95 0.90 0.87 0.92 0.90 0.81 0.72 0.90 0.99 0.96 0.97 0.97 # 19.201252  0.870560 0.654255 0.823077 # 0.91 0.79 0.94 0.85 0.81 0.79 0.75 0.80 0.65 0.62 0.58 0.87 0.99 0.91 0.91 0.91 # 21.630492 
29 0.445745 0.255152 0.912901 # 0.97 0.82 0.94 0.96 0.95 0.90 0.87 0.93 0.90 0.83 0.73 0.90 0.99 0.96 0.97 0.97 # 19.059253  0.891359 0.674735 0.821466 # 0.93 0.79 0.94 0.82 0.83 0.79 0.77 0.82 0.63 0.53 0.51 0.84 0.99 0.92 0.87 0.93 # 21.662384 
30 0.441032 0.251027 0.916010 # 0.98 0.83 0.94 0.96 0.95 0.90 0.88 0.93 0.91 0.83 0.72 0.90 0.99 0.97 0.98 0.97 # 19.000539  0.873161 0.655995 0.827332 # 0.92 0.73 0.93 0.83 0.83 0.82 0.74 0.87 0.64 0.64 0.64 0.85 1.00 0.88 0.92 0.92 # 21.716643 
31 0.436577 0.247329 0.916106 # 0.97 0.83 0.94 0.96 0.95 0.90 0.88 0.93 0.91 0.84 0.73 0.90 0.99 0.97 0.98 0.96 # 18.924833  0.884523 0.670445 0.821731 # 0.92 0.79 0.89 0.82 0.80 0.77 0.75 0.85 0.65 0.69 0.55 0.92 1.00 0.87 0.91 0.92 # 21.407747 
32 0.428056 0.240014 0.918237 # 0.98 0.83 0.94 0.96 0.95 0.90 0.88 0.93 0.92 0.83 0.74 0.91 0.99 0.97 0.97 0.97 # 18.804212  0.885297 0.670840 0.822788 # 0.92 0.80 0.91 0.84 0.81 0.80 0.73 0.86 0.70 0.56 0.54 0.85 0.99 0.87 0.92 0.93 # 21.445730 
33 0.428068 0.240780 0.918429 # 0.98 0.83 0.94 0.96 0.95 0.90 0.88 0.93 0.91 0.84 0.73 0.90 0.99 0.97 0.98 0.97 # 18.728797  0.889758 0.674209 0.819135 # 0.91 0.74 0.92 0.83 0.81 0.76 0.76 0.82 0.69 0.64 0.62 0.89 1.00 0.90 0.92 0.94 # 21.554852 
34 0.421536 0.235283 0.920753 # 0.98 0.84 0.94 0.97 0.95 0.91 0.88 0.93 0.91 0.84 0.74 0.91 0.99 0.97 0.97 0.97 # 18.625265  0.886081 0.673316 0.826611 # 0.93 0.72 0.94 0.83 0.80 0.80 0.76 0.85 0.65 0.69 0.62 0.85 1.00 0.89 0.92 0.94 # 21.276564 
35 0.422914 0.236513 0.919760 # 0.98 0.83 0.94 0.96 0.96 0.90 0.88 0.93 0.91 0.84 0.74 0.91 0.99 0.97 0.98 0.97 # 18.640137  0.952399 0.729077 0.807212 # 0.88 0.80 0.90 0.85 0.79 0.74 0.72 0.78 0.66 0.64 0.60 0.88 1.00 0.89 0.89 0.88 # 22.332228 
36 0.419096 0.232963 0.921074 # 0.98 0.83 0.94 0.96 0.96 0.90 0.88 0.93 0.91 0.83 0.75 0.91 0.99 0.97 0.98 0.97 # 18.613317  0.895338 0.683217 0.823846 # 0.89 0.72 0.92 0.84 0.82 0.80 0.76 0.87 0.68 0.66 0.56 0.88 0.99 0.88 0.90 0.93 # 21.212126 
37 0.417104 0.231909 0.921587 # 0.98 0.83 0.94 0.97 0.96 0.90 0.88 0.93 0.92 0.84 0.74 0.91 0.99 0.97 0.97 0.97 # 18.519511  0.897399 0.681842 0.820745 # 0.92 0.74 0.92 0.82 0.80 0.78 0.76 0.82 0.65 0.63 0.67 0.91 1.00 0.91 0.90 0.92 # 21.555705 
38 0.411608 0.226950 0.923926 # 0.98 0.84 0.94 0.97 0.96 0.91 0.89 0.93 0.91 0.86 0.75 0.91 0.99 0.97 0.98 0.97 # 18.465724  0.899739 0.684801 0.818606 # 0.90 0.74 0.91 0.83 0.81 0.74 0.77 0.84 0.62 0.69 0.64 0.89 1.00 0.88 0.91 0.94 # 21.493791 
39 0.401335 0.217978 0.924984 # 0.98 0.84 0.94 0.97 0.96 0.91 0.89 0.93 0.92 0.86 0.75 0.91 0.99 0.98 0.98 0.97 # 18.335684  0.900204 0.686294 0.826442 # 0.93 0.81 0.90 0.80 0.82 0.85 0.74 0.85 0.68 0.53 0.48 0.88 0.99 0.90 0.92 0.95 # 21.390991 
40 0.341896 0.168786 0.942644 # 0.99 0.86 0.95 0.98 0.97 0.93 0.91 0.96 0.94 0.89 0.78 0.93 1.00 0.99 0.99 0.99 # 17.311014  0.886796 0.683804 0.829303 # 0.92 0.73 0.92 0.86 0.82 0.80 0.75 0.83 0.67 0.67 0.67 0.91 1.00 0.91 0.90 0.95 # 20.299143 
41 0.329716 0.159497 0.946090 # 0.99 0.87 0.96 0.98 0.98 0.93 0.91 0.96 0.95 0.89 0.80 0.94 1.00 0.98 0.99 0.99 # 17.021873  0.897743 0.695398 0.825264 # 0.91 0.77 0.90 0.83 0.80 0.78 0.76 0.86 0.64 0.69 0.64 0.91 1.00 0.89 0.92 0.93 # 20.234540 
42 0.323084 0.154172 0.948542 # 0.99 0.88 0.96 0.98 0.98 0.93 0.91 0.97 0.96 0.89 0.81 0.94 1.00 0.99 0.99 0.99 # 16.891204  0.900077 0.697865 0.823173 # 0.92 0.74 0.92 0.84 0.81 0.78 0.74 0.82 0.68 0.69 0.62 0.91 1.00 0.89 0.92 0.95 # 20.221165 
43 0.318338 0.150290 0.949535 # 0.99 0.88 0.96 0.98 0.98 0.93 0.92 0.97 0.96 0.89 0.81 0.94 1.00 0.99 0.99 0.98 # 16.804878  0.890147 0.689940 0.829543 # 0.91 0.75 0.92 0.85 0.81 0.81 0.76 0.85 0.65 0.64 0.62 0.91 1.00 0.90 0.91 0.95 # 20.020667 
44 0.312519 0.145711 0.951218 # 0.99 0.89 0.96 0.99 0.98 0.94 0.92 0.97 0.96 0.90 0.81 0.94 0.99 0.99 0.99 0.99 # 16.680864  0.904055 0.704377 0.825841 # 0.92 0.72 0.92 0.84 0.80 0.80 0.77 0.84 0.63 0.66 0.63 0.90 1.00 0.91 0.91 0.92 # 19.967817 
45 0.307733 0.141848 0.952516 # 0.99 0.89 0.96 0.99 0.98 0.93 0.92 0.97 0.96 0.90 0.81 0.95 0.99 0.99 0.99 0.99 # 16.588438  0.905916 0.706495 0.824014 # 0.91 0.78 0.91 0.85 0.79 0.78 0.75 0.84 0.68 0.65 0.53 0.91 1.00 0.90 0.92 0.94 # 19.942108 
