Epoch Train_Loss Train_Accuracy Validation_Loss Validation_Accuracy
0 1.306304 0.552292 6.167070 0.100652 0.11 0.12 0.13 0.17 0.09 0.16 0.09 0.09 0.06 0.03 0.02 0.05 0.09 0.09 0.05 None 
1 0.857700 0.710064 7.328228 0.101003 0.11 0.10 0.13 0.14 0.12 0.13 0.10 0.08 0.06 0.07 0.07 0.07 0.08 0.10 0.06 None 
2 0.740926 0.750064 7.591299 0.100334 0.11 0.10 0.14 0.12 0.11 0.15 0.11 0.07 0.09 0.05 0.07 0.06 0.08 0.09 0.06 None 
3 0.671895 0.773333 8.574531 0.102107 0.10 0.12 0.12 0.13 0.11 0.13 0.11 0.11 0.07 0.08 0.07 0.06 0.08 0.08 0.06 None 
4 0.631483 0.787260 8.398355 0.100769 0.10 0.11 0.13 0.11 0.11 0.14 0.10 0.10 0.09 0.06 0.07 0.07 0.07 0.09 0.06 None 
5 0.594421 0.799343 8.156988 0.102291 0.10 0.13 0.12 0.12 0.12 0.12 0.10 0.11 0.07 0.08 0.06 0.07 0.08 0.09 0.06 None 
6 0.562880 0.809311 8.749121 0.102926 0.11 0.12 0.13 0.13 0.11 0.13 0.11 0.09 0.08 0.07 0.06 0.07 0.08 0.08 0.06 None 
7 0.539338 0.817436 9.029220 0.101823 0.10 0.11 0.12 0.12 0.10 0.13 0.10 0.12 0.07 0.08 0.08 0.07 0.08 0.10 0.06 None 
8 0.519308 0.824519 9.397777 0.102023 0.11 0.12 0.12 0.14 0.10 0.12 0.11 0.11 0.09 0.05 0.06 0.07 0.08 0.09 0.06 None 
9 0.500244 0.831731 9.288001 0.102676 0.11 0.12 0.12 0.13 0.12 0.13 0.10 0.11 0.07 0.07 0.06 0.07 0.07 0.08 0.06 None 
10 0.487327 0.836090 9.650403 0.101288 0.10 0.12 0.13 0.12 0.11 0.12 0.10 0.10 0.08 0.08 0.08 0.07 0.08 0.09 0.06 None 
