Epoch Train_Loss Train_Accuracy Validation_Loss Validation_Accuracy
0 1.338301 0.530753 0.966909 0.678173 0.92 0.69 0.90 0.73 0.56 0.79 0.56 0.46 0.48 0.33 0.24 0.40 0.99 0.79 0.78 0.90 
1 0.940743 0.675000 0.797761 0.734303 0.88 0.81 0.88 0.80 0.71 0.75 0.57 0.58 0.59 0.65 0.09 0.77 0.95 0.83 0.75 0.95 
2 0.787936 0.730721 0.771101 0.751106 0.89 0.68 0.87 0.77 0.72 0.82 0.62 0.64 0.69 0.55 0.45 0.79 0.96 0.77 0.85 0.94 
3 0.717728 0.754231 0.732841 0.765409 0.93 0.77 0.90 0.77 0.75 0.81 0.67 0.68 0.63 0.57 0.38 0.52 0.98 0.86 0.81 0.89 
4 0.671638 0.771378 0.714406 0.778942 0.89 0.81 0.86 0.82 0.77 0.71 0.61 0.78 0.47 0.64 0.59 0.85 0.99 0.80 0.88 0.95 
5 0.629389 0.787260 0.689035 0.784832 0.92 0.70 0.94 0.80 0.80 0.82 0.71 0.63 0.62 0.60 0.49 0.78 0.99 0.86 0.88 0.94 
6 0.606858 0.793013 0.667182 0.795192 0.90 0.74 0.91 0.80 0.79 0.71 0.73 0.80 0.60 0.71 0.59 0.87 0.97 0.81 0.83 0.94 
7 0.574097 0.803782 0.666004 0.798341 0.92 0.64 0.89 0.80 0.77 0.85 0.73 0.75 0.60 0.57 0.71 0.86 0.99 0.89 0.90 0.96 
8 0.553204 0.810705 0.667696 0.796562 0.93 0.73 0.88 0.83 0.79 0.82 0.72 0.69 0.54 0.57 0.62 0.90 1.00 0.89 0.89 0.94 
9 0.531011 0.819103 0.681485 0.794928 0.90 0.78 0.83 0.78 0.74 0.79 0.71 0.77 0.68 0.66 0.53 0.88 0.99 0.91 0.90 0.96 
10 0.511745 0.823990 0.676616 0.795144 0.93 0.80 0.93 0.79 0.76 0.79 0.67 0.71 0.59 0.59 0.54 0.84 1.00 0.89 0.87 0.96 
11 0.497074 0.828429 0.648453 0.808197 0.92 0.74 0.91 0.81 0.75 0.84 0.69 0.80 0.59 0.71 0.58 0.89 0.99 0.86 0.89 0.93 
12 0.480909 0.834840 0.666879 0.804760 0.93 0.76 0.90 0.81 0.75 0.83 0.68 0.76 0.70 0.64 0.59 0.90 0.99 0.89 0.88 0.94 
13 0.465794 0.841154 0.666127 0.804591 0.93 0.80 0.90 0.76 0.83 0.81 0.68 0.77 0.58 0.72 0.35 0.87 0.99 0.93 0.90 0.96 
14 0.460120 0.842564 0.649498 0.810505 0.94 0.75 0.92 0.84 0.75 0.78 0.76 0.76 0.63 0.61 0.56 0.89 1.00 0.90 0.90 0.95 
15 0.440323 0.848750 0.654033 0.806827 0.91 0.74 0.91 0.85 0.76 0.86 0.75 0.69 0.60 0.58 0.58 0.93 0.99 0.92 0.89 0.95 
16 0.430718 0.852244 0.663437 0.812524 0.92 0.74 0.93 0.83 0.83 0.77 0.69 0.83 0.53 0.72 0.60 0.84 0.99 0.86 0.88 0.94 
17 0.425687 0.855641 0.683948 0.809639 0.93 0.66 0.92 0.79 0.83 0.80 0.71 0.77 0.68 0.66 0.73 0.90 0.99 0.91 0.84 0.96 
18 0.408410 0.860304 0.649719 0.815986 0.93 0.75 0.93 0.85 0.78 0.79 0.68 0.79 0.58 0.71 0.68 0.86 1.00 0.91 0.90 0.94 
19 0.404604 0.860240 0.668782 0.813221 0.93 0.75 0.93 0.81 0.75 0.81 0.72 0.83 0.58 0.70 0.61 0.83 1.00 0.91 0.90 0.91 
20 0.346456 0.878862 0.641487 0.824808 0.91 0.76 0.90 0.84 0.79 0.84 0.73 0.85 0.61 0.68 0.62 0.88 1.00 0.91 0.88 0.95 
21 0.332087 0.885288 0.663123 0.819784 0.92 0.78 0.90 0.84 0.81 0.77 0.71 0.79 0.70 0.70 0.61 0.92 0.98 0.92 0.91 0.94 
22 0.321311 0.887837 0.659512 0.824399 0.93 0.79 0.93 0.81 0.79 0.81 0.74 0.81 0.61 0.73 0.58 0.90 1.00 0.91 0.91 0.93 
23 0.314053 0.890304 0.668371 0.822692 0.93 0.76 0.90 0.84 0.81 0.80 0.71 0.81 0.67 0.69 0.66 0.89 0.99 0.88 0.92 0.92 
24 0.311800 0.891202 0.654765 0.825673 0.92 0.80 0.91 0.83 0.79 0.84 0.72 0.83 0.64 0.66 0.57 0.90 0.98 0.92 0.91 0.95 
25 0.306251 0.893750 0.681080 0.825072 0.93 0.74 0.91 0.86 0.79 0.79 0.75 0.84 0.60 0.72 0.64 0.90 0.99 0.92 0.89 0.92 
26 0.297868 0.895994 0.680640 0.825481 0.94 0.75 0.92 0.82 0.80 0.83 0.71 0.82 0.65 0.69 0.68 0.88 1.00 0.91 0.89 0.94 
27 0.292666 0.896955 0.680952 0.825553 0.93 0.77 0.92 0.83 0.80 0.83 0.71 0.83 0.65 0.68 0.63 0.92 0.96 0.91 0.88 0.95 
28 0.290046 0.897981 0.691132 0.822812 0.95 0.80 0.93 0.84 0.80 0.75 0.72 0.80 0.62 0.76 0.58 0.88 0.98 0.91 0.89 0.92 
29 0.283457 0.899712 0.711356 0.821755 0.93 0.75 0.92 0.84 0.82 0.82 0.69 0.77 0.63 0.72 0.66 0.92 0.99 0.92 0.88 0.95 
30 0.281373 0.899631 0.709238 0.823990 0.93 0.74 0.93 0.82 0.79 0.82 0.73 0.83 0.68 0.63 0.67 0.89 0.99 0.90 0.90 0.93 
