Epoch Train_Loss Train_Accuracy Validation_Loss Validation_Accuracy
0 1.208082 0.590497 0.812178 0.737139 0.90 0.71 0.92 0.78 0.71 0.81 0.77 0.58 0.44 0.45 0.04 0.71 0.97 0.85 0.72 0.87 
1 0.791196 0.730657 0.732729 0.770288 0.94 0.66 0.94 0.83 0.65 0.78 0.72 0.65 0.55 0.65 0.41 0.83 1.00 0.90 0.86 0.92 
2 0.660799 0.775978 0.679799 0.779423 0.95 0.72 0.90 0.83 0.70 0.90 0.77 0.60 0.61 0.20 0.43 0.92 0.99 0.89 0.88 0.94 
3 0.598011 0.796026 0.653368 0.790986 0.92 0.60 0.94 0.78 0.76 0.73 0.71 0.78 0.62 0.75 0.61 0.90 0.99 0.92 0.90 0.93 
4 0.550625 0.812356 0.610380 0.805913 0.94 0.74 0.93 0.82 0.81 0.70 0.74 0.79 0.68 0.67 0.57 0.72 1.00 0.90 0.89 0.95 
5 0.519529 0.822997 0.587777 0.818822 0.93 0.72 0.90 0.81 0.81 0.80 0.76 0.80 0.65 0.67 0.64 0.93 1.00 0.91 0.92 0.93 
6 0.491874 0.832772 0.631200 0.816250 0.92 0.64 0.91 0.80 0.79 0.84 0.74 0.89 0.65 0.69 0.63 0.82 1.00 0.92 0.84 0.93 
7 0.465785 0.839840 0.591507 0.821827 0.92 0.74 0.89 0.83 0.81 0.83 0.72 0.81 0.63 0.68 0.62 0.93 0.99 0.94 0.91 0.94 
8 0.446169 0.846410 0.600554 0.825529 0.92 0.73 0.93 0.82 0.77 0.79 0.76 0.87 0.64 0.70 0.62 0.87 1.00 0.94 0.92 0.93 
9 0.429651 0.852500 0.588856 0.830889 0.94 0.77 0.94 0.81 0.84 0.77 0.77 0.84 0.58 0.71 0.61 0.88 1.00 0.93 0.91 0.94 
10 0.415293 0.857901 0.595738 0.829736 0.95 0.73 0.91 0.83 0.82 0.80 0.73 0.84 0.67 0.77 0.64 0.87 1.00 0.94 0.92 0.92 
11 0.401820 0.861106 0.569348 0.839928 0.95 0.76 0.93 0.84 0.83 0.81 0.78 0.86 0.68 0.66 0.60 0.91 1.00 0.95 0.91 0.91 
12 0.387131 0.865673 0.572592 0.835962 0.93 0.73 0.93 0.85 0.80 0.80 0.77 0.89 0.59 0.68 0.65 0.89 1.00 0.93 0.94 0.94 
13 0.374609 0.871715 0.615844 0.831058 0.93 0.73 0.89 0.82 0.82 0.83 0.76 0.87 0.58 0.71 0.64 0.94 1.00 0.95 0.88 0.92 
14 0.362629 0.874679 0.611910 0.828317 0.93 0.85 0.94 0.82 0.79 0.78 0.75 0.82 0.67 0.68 0.41 0.90 1.00 0.93 0.92 0.95 
15 0.354416 0.878253 0.565765 0.844038 0.94 0.84 0.93 0.83 0.83 0.82 0.78 0.92 0.70 0.68 0.37 0.89 0.99 0.93 0.91 0.91 
16 0.348002 0.879279 0.581894 0.838726 0.93 0.78 0.94 0.84 0.80 0.84 0.75 0.90 0.57 0.73 0.56 0.88 1.00 0.93 0.93 0.92 
17 0.336901 0.883317 0.590541 0.839976 0.92 0.76 0.91 0.84 0.81 0.88 0.75 0.89 0.68 0.64 0.59 0.89 1.00 0.94 0.91 0.94 
18 0.328619 0.886234 0.587716 0.835913 0.94 0.73 0.94 0.84 0.80 0.77 0.78 0.84 0.70 0.73 0.71 0.92 1.00 0.94 0.93 0.94 
19 0.319147 0.888590 0.621041 0.840938 0.93 0.70 0.93 0.85 0.82 0.85 0.75 0.90 0.66 0.71 0.70 0.89 1.00 0.91 0.94 0.95 
20 0.274085 0.905064 0.590180 0.846154 0.93 0.80 0.93 0.84 0.82 0.82 0.79 0.86 0.70 0.66 0.62 0.93 1.00 0.95 0.93 0.94 
21 0.264177 0.907019 0.615029 0.843630 0.91 0.76 0.92 0.87 0.80 0.81 0.75 0.93 0.66 0.77 0.69 0.88 1.00 0.92 0.92 0.93 
22 0.255299 0.910657 0.616585 0.842812 0.93 0.84 0.93 0.83 0.83 0.87 0.79 0.81 0.66 0.65 0.45 0.92 1.00 0.95 0.93 0.94 
23 0.248128 0.912853 0.594621 0.852716 0.94 0.77 0.94 0.84 0.83 0.86 0.79 0.88 0.67 0.70 0.64 0.92 1.00 0.94 0.93 0.93 
24 0.242567 0.915048 0.621971 0.851226 0.94 0.74 0.94 0.86 0.82 0.86 0.78 0.88 0.68 0.69 0.69 0.91 1.00 0.95 0.92 0.92 
25 0.239906 0.915144 0.632680 0.849135 0.92 0.78 0.91 0.86 0.82 0.86 0.76 0.93 0.69 0.65 0.65 0.93 1.00 0.92 0.92 0.92 
