Epoch Train_Loss Train_Accuracy Test_Loss Test_Accuracy
0 0.125552 0.191397 198.608704 0.203373 0.00 0.00 0.76 0.78 0.01 0.00 0.00 0.00 0.00 0.00 0.64 0.00 0.00 0.00 0.00 0.00 
1 0.060057 0.339838 0.051599 0.451716 0.00 0.34 0.98 0.72 0.54 0.93 0.13 0.15 0.31 0.01 0.10 0.00 0.00 0.00 0.00 0.00 
2 0.050303 0.467571 0.042372 0.579290 0.00 0.52 0.86 0.82 0.74 0.88 0.51 0.45 0.27 0.19 0.05 0.01 0.00 0.19 0.00 0.00 
3 0.046196 0.520789 0.040525 0.601331 0.00 0.62 0.91 0.80 0.76 0.79 0.49 0.34 0.51 0.02 0.01 0.27 0.00 0.68 0.00 0.00 
4 0.043316 0.562773 0.038947 0.630178 0.00 0.76 0.95 0.67 0.83 0.81 0.51 0.49 0.34 0.01 0.00 0.21 0.00 0.79 0.00 0.00 
5 0.040740 0.599737 0.035525 0.686568 0.00 0.61 0.91 0.75 0.75 0.90 0.65 0.62 0.45 0.18 0.01 0.79 0.00 0.85 0.00 0.00 
6 0.038463 0.626741 0.032229 0.715237 0.00 0.82 0.88 0.77 0.81 0.82 0.58 0.77 0.52 0.43 0.07 0.44 0.00 0.80 0.00 0.00 
7 0.036724 0.647510 0.035591 0.665592 0.00 0.46 0.86 0.78 0.75 0.62 0.62 0.55 0.66 0.53 0.53 0.81 0.00 0.80 0.00 0.00 
8 0.035162 0.668522 0.031991 0.716036 0.00 0.55 0.89 0.78 0.81 0.70 0.64 0.79 0.52 0.65 0.57 0.57 0.00 0.80 0.00 0.00 
9 0.034185 0.680729 0.030341 0.736953 0.00 0.77 0.93 0.77 0.79 0.78 0.65 0.70 0.48 0.52 0.49 0.78 0.00 0.72 0.00 0.00 
10 0.033001 0.696640 0.030136 0.736391 0.00 0.63 0.92 0.76 0.82 0.73 0.67 0.85 0.50 0.67 0.55 0.65 0.00 0.63 0.00 0.00 
11 0.032200 0.706741 0.029063 0.750503 0.00 0.63 0.93 0.78 0.84 0.66 0.65 0.84 0.63 0.68 0.63 0.76 0.00 0.82 0.00 0.00 
12 0.031181 0.713360 0.029840 0.738787 0.00 0.58 0.92 0.78 0.81 0.73 0.68 0.75 0.55 0.62 0.67 0.77 0.00 0.88 0.00 0.00 
13 0.030533 0.721053 0.028058 0.759320 0.00 0.71 0.90 0.80 0.84 0.76 0.70 0.68 0.57 0.64 0.61 0.85 0.00 0.90 0.00 0.00 
14 0.030052 0.730304 0.028932 0.755562 0.00 0.71 0.91 0.82 0.80 0.67 0.67 0.79 0.65 0.63 0.62 0.84 0.00 0.80 0.00 0.00 
15 0.029616 0.733583 0.028312 0.758462 0.00 0.63 0.91 0.83 0.82 0.81 0.72 0.75 0.63 0.41 0.59 0.75 0.00 0.91 0.00 0.00 
16 0.029217 0.739717 0.028400 0.761006 0.00 0.70 0.92 0.79 0.81 0.78 0.66 0.75 0.57 0.69 0.65 0.76 0.00 0.93 0.00 0.00 
17 0.028473 0.748138 0.026455 0.777692 0.00 0.71 0.94 0.83 0.82 0.78 0.74 0.82 0.58 0.59 0.54 0.73 0.00 0.86 0.00 0.00 
18 0.028542 0.746842 0.028211 0.761598 0.00 0.67 0.92 0.80 0.88 0.75 0.71 0.80 0.50 0.62 0.50 0.72 0.00 0.89 0.00 0.00 
19 0.028072 0.752166 0.028278 0.770355 0.00 0.68 0.90 0.80 0.82 0.80 0.67 0.82 0.61 0.65 0.55 0.86 0.00 0.88 0.00 0.00 
20 0.027860 0.753158 0.027768 0.773905 0.00 0.74 0.95 0.83 0.83 0.76 0.69 0.76 0.62 0.63 0.52 0.82 0.00 0.83 0.00 0.00 
21 0.027575 0.755547 0.026831 0.783609 0.00 0.73 0.91 0.80 0.87 0.83 0.72 0.82 0.53 0.64 0.50 0.81 0.00 0.88 0.00 0.00 
22 0.027473 0.758785 0.028543 0.764083 0.00 0.62 0.92 0.80 0.82 0.68 0.72 0.85 0.57 0.73 0.65 0.86 0.00 0.83 0.00 0.00 
23 0.026869 0.765364 0.026662 0.788817 0.00 0.77 0.90 0.83 0.86 0.79 0.69 0.80 0.66 0.60 0.50 0.86 0.00 0.94 0.00 0.00 
24 0.026677 0.767571 0.027126 0.783757 0.00 0.77 0.90 0.76 0.85 0.84 0.72 0.79 0.65 0.60 0.49 0.91 0.00 0.86 0.00 0.00 
25 0.026704 0.769879 0.026210 0.784379 0.00 0.74 0.92 0.81 0.88 0.76 0.73 0.77 0.60 0.59 0.59 0.85 0.00 0.90 0.00 0.00 
26 0.026165 0.773684 0.027729 0.777604 0.00 0.71 0.93 0.75 0.84 0.80 0.68 0.83 0.58 0.71 0.58 0.85 0.00 0.91 0.00 0.00 
27 0.026266 0.773947 0.028241 0.768166 0.00 0.80 0.95 0.73 0.81 0.72 0.78 0.79 0.48 0.64 0.52 0.74 0.00 0.89 0.00 0.00 
28 0.025963 0.775182 0.027454 0.781420 0.00 0.79 0.91 0.81 0.81 0.80 0.69 0.78 0.64 0.62 0.52 0.84 0.00 0.94 0.00 0.00 
29 0.025851 0.778340 0.026729 0.779763 0.00 0.75 0.92 0.85 0.82 0.83 0.73 0.72 0.62 0.61 0.51 0.81 0.00 0.87 0.00 0.00 
30 0.025546 0.780202 0.025536 0.792929 0.00 0.74 0.94 0.80 0.81 0.78 0.77 0.83 0.58 0.71 0.57 0.84 0.00 0.89 0.00 0.00 
31 0.025538 0.779372 0.026882 0.788462 0.00 0.72 0.93 0.87 0.82 0.72 0.70 0.86 0.57 0.75 0.65 0.80 0.00 0.87 0.00 0.00 
32 0.025334 0.783421 0.028197 0.767840 0.00 0.74 0.91 0.81 0.83 0.61 0.71 0.81 0.58 0.80 0.60 0.85 0.00 0.86 0.00 0.00 
33 0.025148 0.785445 0.025989 0.790769 0.00 0.72 0.93 0.82 0.83 0.82 0.70 0.83 0.65 0.62 0.55 0.87 0.00 0.91 0.00 0.00 
34 0.025012 0.786235 0.026419 0.796272 0.00 0.77 0.93 0.82 0.84 0.83 0.74 0.82 0.63 0.63 0.53 0.83 0.00 0.85 0.00 0.00 
35 0.024789 0.790162 0.025839 0.798757 0.00 0.74 0.87 0.82 0.85 0.80 0.76 0.85 0.68 0.63 0.62 0.90 0.00 0.86 0.00 0.00 
36 0.024929 0.789575 0.027127 0.791095 0.00 0.73 0.89 0.77 0.83 0.84 0.75 0.85 0.61 0.65 0.53 0.88 0.00 0.91 0.00 0.00 
37 0.024805 0.789980 0.025713 0.794467 0.00 0.82 0.93 0.80 0.85 0.84 0.76 0.76 0.68 0.60 0.32 0.88 0.00 0.91 0.00 0.00 
38 0.024458 0.793441 0.026135 0.796805 0.00 0.76 0.93 0.78 0.86 0.87 0.69 0.86 0.70 0.50 0.49 0.86 0.00 0.88 0.00 0.00 
39 0.024607 0.791397 0.025898 0.796243 0.00 0.70 0.95 0.86 0.85 0.79 0.72 0.79 0.65 0.68 0.63 0.85 0.00 0.90 0.00 0.00 
40 0.021792 0.814737 0.025048 0.800355 0.00 0.71 0.93 0.84 0.82 0.82 0.74 0.82 0.70 0.70 0.54 0.90 0.00 0.89 0.00 0.00 
41 0.021547 0.815324 0.024835 0.798994 0.00 0.69 0.92 0.84 0.83 0.84 0.72 0.82 0.74 0.65 0.63 0.89 0.00 0.90 0.00 0.00 
42 0.021181 0.819069 0.025664 0.798521 0.00 0.65 0.92 0.86 0.80 0.79 0.71 0.90 0.69 0.75 0.67 0.88 0.00 0.86 0.00 0.00 
43 0.021092 0.820182 0.024656 0.803994 0.00 0.69 0.93 0.83 0.86 0.82 0.74 0.83 0.65 0.70 0.62 0.89 0.00 0.91 0.00 0.00 
44 0.020836 0.823543 0.025429 0.802751 0.00 0.72 0.93 0.84 0.84 0.85 0.71 0.82 0.66 0.67 0.61 0.90 0.00 0.90 0.00 0.00 
45 0.020793 0.822915 0.024808 0.809734 0.00 0.75 0.93 0.86 0.82 0.83 0.71 0.85 0.66 0.70 0.60 0.89 0.00 0.92 0.00 0.00 
46 0.020734 0.824130 0.024651 0.804083 0.00 0.76 0.92 0.86 0.84 0.84 0.75 0.80 0.67 0.53 0.59 0.91 0.00 0.90 0.00 0.00 
47 0.020554 0.827045 0.024402 0.806331 0.00 0.74 0.91 0.82 0.82 0.83 0.74 0.87 0.70 0.67 0.58 0.89 0.00 0.91 0.00 0.00 
48 0.020506 0.826964 0.025081 0.806302 0.00 0.68 0.92 0.87 0.84 0.87 0.73 0.85 0.65 0.65 0.59 0.89 0.00 0.91 0.00 0.00 
49 0.020399 0.826437 0.025019 0.803047 0.00 0.68 0.90 0.87 0.83 0.84 0.72 0.89 0.63 0.63 0.67 0.88 0.00 0.88 0.00 0.00 
50 0.020233 0.829150 0.024592 0.804970 0.00 0.71 0.94 0.84 0.84 0.84 0.73 0.83 0.65 0.67 0.60 0.89 0.00 0.91 0.00 0.00 
51 0.020231 0.829069 0.023921 0.812101 0.00 0.75 0.93 0.84 0.84 0.85 0.74 0.90 0.62 0.68 0.58 0.87 0.00 0.90 0.00 0.00 
52 0.020110 0.829453 0.025335 0.801982 0.00 0.74 0.93 0.83 0.82 0.81 0.71 0.85 0.67 0.68 0.64 0.90 0.00 0.91 0.00 0.00 
53 0.020064 0.830789 0.024700 0.802012 0.00 0.76 0.92 0.83 0.81 0.80 0.73 0.86 0.64 0.71 0.58 0.88 0.00 0.92 0.00 0.00 
54 0.020083 0.830385 0.024424 0.805651 0.00 0.70 0.93 0.82 0.83 0.84 0.75 0.84 0.70 0.69 0.61 0.91 0.00 0.91 0.00 0.00 
55 0.019894 0.832874 0.024448 0.815059 0.00 0.75 0.91 0.89 0.83 0.82 0.73 0.90 0.65 0.66 0.63 0.87 0.00 0.89 0.00 0.00 
56 0.019727 0.834636 0.024555 0.807663 0.00 0.81 0.93 0.84 0.82 0.79 0.71 0.88 0.61 0.73 0.54 0.88 0.00 0.90 0.00 0.00 
57 0.019936 0.831498 0.023931 0.811095 0.00 0.75 0.94 0.83 0.83 0.80 0.73 0.88 0.70 0.69 0.62 0.86 0.00 0.90 0.00 0.00 
58 0.019707 0.832935 0.024713 0.806598 0.00 0.76 0.92 0.85 0.82 0.84 0.72 0.87 0.66 0.59 0.60 0.89 0.00 0.92 0.00 0.00 
59 0.019793 0.832794 0.024800 0.797722 0.00 0.78 0.95 0.81 0.83 0.77 0.73 0.79 0.68 0.74 0.56 0.86 0.00 0.93 0.00 0.00 
60 0.019381 0.837409 0.024557 0.806834 0.00 0.74 0.93 0.82 0.85 0.78 0.78 0.88 0.68 0.64 0.59 0.83 0.00 0.91 0.00 0.00 
61 0.019607 0.835648 0.024939 0.810207 0.00 0.73 0.93 0.84 0.85 0.83 0.73 0.85 0.63 0.72 0.62 0.89 0.00 0.93 0.00 0.00 
62 0.019668 0.834008 0.023973 0.813521 0.00 0.77 0.93 0.85 0.83 0.84 0.74 0.88 0.65 0.66 0.57 0.87 0.00 0.89 0.00 0.00 
63 0.019288 0.836599 0.025114 0.809260 0.00 0.71 0.93 0.89 0.84 0.81 0.72 0.89 0.66 0.69 0.60 0.89 0.00 0.89 0.00 0.00 
64 0.019493 0.836316 0.024437 0.809793 0.00 0.77 0.93 0.82 0.85 0.87 0.74 0.87 0.67 0.54 0.52 0.88 0.00 0.91 0.00 0.00 
