Epoch Train_Loss Train_Accuracy Test_Loss Test_Accuracy
0 0.041981 0.510810 0.033732 0.605917 0.00 0.59 0.92 0.79 0.72 0.68 0.47 0.28 0.44 0.56 0.35 0.26 0.00 0.83 0.00 0.00 
1 0.031664 0.633866 0.029028 0.695828 0.00 0.61 0.90 0.82 0.68 0.72 0.67 0.72 0.53 0.40 0.49 0.73 0.00 0.56 0.00 0.00 
2 0.027102 0.696741 0.025605 0.726686 0.00 0.62 0.91 0.81 0.84 0.78 0.67 0.57 0.58 0.51 0.46 0.81 0.00 0.91 0.00 0.00 
3 0.024083 0.732004 0.024977 0.741538 0.00 0.65 0.90 0.82 0.85 0.82 0.63 0.65 0.49 0.59 0.54 0.82 0.00 0.90 0.00 0.00 
4 0.022090 0.755425 0.024141 0.755710 0.00 0.66 0.89 0.81 0.84 0.73 0.69 0.75 0.63 0.72 0.57 0.69 0.00 0.90 0.00 0.00 
5 0.020860 0.769474 0.022930 0.766183 0.00 0.75 0.92 0.81 0.80 0.74 0.71 0.72 0.56 0.67 0.56 0.89 0.00 0.88 0.00 0.00 
6 0.019587 0.784818 0.024376 0.758432 0.00 0.71 0.91 0.82 0.80 0.83 0.65 0.63 0.63 0.60 0.61 0.84 0.00 0.94 0.00 0.00 
7 0.018899 0.790992 0.022230 0.776686 0.00 0.73 0.91 0.82 0.88 0.74 0.69 0.75 0.61 0.74 0.57 0.87 0.00 0.86 0.00 0.00 
8 0.018174 0.797854 0.021837 0.785533 0.00 0.62 0.92 0.83 0.83 0.84 0.70 0.87 0.61 0.63 0.67 0.81 0.00 0.88 0.00 0.00 
9 0.017473 0.804393 0.021821 0.790562 0.00 0.78 0.91 0.83 0.83 0.79 0.72 0.80 0.62 0.69 0.49 0.89 0.00 0.90 0.00 0.00 
10 0.017177 0.809555 0.022211 0.785444 0.00 0.72 0.94 0.87 0.84 0.75 0.73 0.73 0.59 0.72 0.60 0.88 0.00 0.87 0.00 0.00 
11 0.016583 0.816943 0.021746 0.794970 0.00 0.74 0.93 0.86 0.80 0.75 0.69 0.89 0.67 0.65 0.66 0.82 0.00 0.87 0.00 0.00 
12 0.016290 0.817854 0.021679 0.790385 0.00 0.72 0.93 0.82 0.80 0.78 0.75 0.80 0.66 0.68 0.61 0.88 0.00 0.89 0.00 0.00 
13 0.015708 0.824352 0.021636 0.793314 0.00 0.69 0.91 0.85 0.84 0.78 0.73 0.85 0.62 0.72 0.66 0.86 0.00 0.81 0.00 0.00 
14 0.015353 0.829737 0.021667 0.795414 0.00 0.75 0.89 0.82 0.82 0.80 0.71 0.83 0.61 0.72 0.67 0.91 0.00 0.92 0.00 0.00 
15 0.014811 0.835526 0.021858 0.797071 0.00 0.73 0.92 0.86 0.82 0.84 0.71 0.82 0.68 0.61 0.61 0.90 0.00 0.86 0.00 0.00 
16 0.014739 0.835000 0.022776 0.779763 0.00 0.75 0.93 0.82 0.84 0.75 0.74 0.69 0.65 0.69 0.60 0.90 0.00 0.91 0.00 0.00 
17 0.014196 0.842308 0.021521 0.800740 0.00 0.79 0.93 0.83 0.84 0.79 0.74 0.81 0.67 0.63 0.49 0.93 0.00 0.90 0.00 0.00 
18 0.013937 0.843178 0.021923 0.799852 0.00 0.71 0.93 0.84 0.78 0.84 0.71 0.86 0.62 0.73 0.64 0.88 0.00 0.88 0.00 0.00 
19 0.013788 0.844312 0.021952 0.800266 0.00 0.77 0.92 0.82 0.80 0.79 0.71 0.86 0.63 0.74 0.61 0.90 0.00 0.93 0.00 0.00 
20 0.011957 0.865364 0.021093 0.812751 0.00 0.78 0.93 0.86 0.81 0.81 0.77 0.86 0.67 0.62 0.57 0.90 0.00 0.92 0.00 0.00 
21 0.011573 0.870972 0.021892 0.806923 0.00 0.78 0.92 0.83 0.79 0.82 0.72 0.87 0.58 0.74 0.66 0.91 0.00 0.91 0.00 0.00 
22 0.011206 0.873117 0.021476 0.812929 0.00 0.83 0.92 0.87 0.81 0.80 0.72 0.87 0.67 0.70 0.51 0.90 0.00 0.91 0.00 0.00 
23 0.011094 0.874737 0.021707 0.812249 0.00 0.81 0.93 0.84 0.83 0.81 0.71 0.86 0.66 0.66 0.59 0.91 0.00 0.91 0.00 0.00 
24 0.010827 0.878462 0.021856 0.813107 0.00 0.81 0.94 0.88 0.82 0.78 0.73 0.85 0.61 0.69 0.61 0.90 0.00 0.90 0.00 0.00 
25 0.010573 0.879575 0.022198 0.809053 0.00 0.82 0.94 0.87 0.82 0.80 0.71 0.82 0.61 0.72 0.55 0.90 0.00 0.91 0.00 0.00 
26 0.010426 0.880202 0.022644 0.814675 0.00 0.80 0.91 0.83 0.83 0.78 0.78 0.87 0.66 0.72 0.58 0.90 0.00 0.91 0.00 0.00 
27 0.010252 0.882530 0.022193 0.815414 0.00 0.82 0.92 0.83 0.83 0.83 0.72 0.87 0.67 0.71 0.54 0.93 0.00 0.90 0.00 0.00 
28 0.010267 0.883097 0.022358 0.811420 0.00 0.78 0.93 0.88 0.83 0.83 0.71 0.85 0.66 0.65 0.54 0.89 0.00 0.91 0.00 0.00 
29 0.010023 0.885405 0.023138 0.810828 0.00 0.77 0.94 0.84 0.80 0.82 0.74 0.85 0.65 0.66 0.68 0.90 0.00 0.91 0.00 0.00 
30 0.009867 0.886964 0.022227 0.815740 0.00 0.80 0.93 0.83 0.85 0.81 0.73 0.87 0.65 0.75 0.58 0.90 0.00 0.90 0.00 0.00 
31 0.009819 0.887146 0.023669 0.809053 0.00 0.76 0.92 0.85 0.77 0.84 0.73 0.87 0.68 0.71 0.66 0.90 0.00 0.87 0.00 0.00 
32 0.009627 0.890162 0.022955 0.812515 0.00 0.76 0.92 0.85 0.83 0.84 0.74 0.88 0.65 0.59 0.63 0.89 0.00 0.89 0.00 0.00 
33 0.009611 0.889717 0.023294 0.810562 0.00 0.73 0.93 0.85 0.82 0.79 0.74 0.87 0.67 0.76 0.69 0.90 0.00 0.89 0.00 0.00 
34 0.009405 0.892794 0.023166 0.807781 0.00 0.79 0.93 0.82 0.82 0.76 0.72 0.88 0.69 0.74 0.67 0.90 0.00 0.89 0.00 0.00 
35 0.009368 0.893057 0.023329 0.809083 0.00 0.70 0.94 0.84 0.82 0.84 0.74 0.84 0.66 0.70 0.70 0.88 0.00 0.91 0.00 0.00 
36 0.009247 0.894717 0.024012 0.811095 0.00 0.80 0.94 0.84 0.83 0.78 0.75 0.84 0.64 0.71 0.59 0.89 0.00 0.92 0.00 0.00 
37 0.009107 0.896761 0.024569 0.807929 0.00 0.70 0.92 0.87 0.81 0.79 0.76 0.85 0.70 0.71 0.70 0.91 0.00 0.92 0.00 0.00 
38 0.009028 0.894960 0.024451 0.809586 0.00 0.75 0.94 0.82 0.82 0.82 0.74 0.84 0.70 0.69 0.65 0.91 0.00 0.90 0.00 0.00 
39 0.008804 0.898522 0.023693 0.812663 0.00 0.77 0.94 0.86 0.80 0.84 0.75 0.87 0.62 0.63 0.60 0.88 0.00 0.92 0.00 0.00 
40 0.007864 0.909312 0.024120 0.816361 0.00 0.77 0.93 0.85 0.82 0.83 0.74 0.86 0.69 0.66 0.65 0.93 0.00 0.91 0.00 0.00 
41 0.007679 0.911154 0.023981 0.818787 0.00 0.79 0.92 0.85 0.82 0.81 0.75 0.88 0.66 0.71 0.60 0.92 0.00 0.91 0.00 0.00 
42 0.007448 0.912753 0.024686 0.815089 0.00 0.77 0.92 0.84 0.83 0.80 0.75 0.87 0.67 0.69 0.68 0.92 0.00 0.90 0.00 0.00 
43 0.007502 0.912247 0.025064 0.812544 0.00 0.77 0.93 0.84 0.81 0.80 0.74 0.86 0.69 0.74 0.60 0.94 0.00 0.91 0.00 0.00 
44 0.007357 0.913441 0.024900 0.812663 0.00 0.75 0.91 0.83 0.80 0.84 0.76 0.88 0.71 0.65 0.64 0.92 0.00 0.91 0.00 0.00 
45 0.007205 0.916700 0.024424 0.816006 0.00 0.82 0.92 0.84 0.83 0.82 0.76 0.85 0.70 0.65 0.53 0.91 0.00 0.91 0.00 0.00 
46 0.007231 0.916316 0.025319 0.816805 0.00 0.79 0.92 0.84 0.83 0.82 0.74 0.86 0.68 0.68 0.60 0.92 0.00 0.91 0.00 0.00 
47 0.007126 0.916964 0.026235 0.813935 0.00 0.79 0.93 0.84 0.83 0.82 0.71 0.85 0.69 0.68 0.63 0.91 0.00 0.92 0.00 0.00 
48 0.007049 0.918057 0.025955 0.813402 0.00 0.82 0.93 0.85 0.83 0.79 0.72 0.87 0.70 0.69 0.56 0.90 0.00 0.91 0.00 0.00 
49 0.006895 0.919879 0.026511 0.812811 0.00 0.79 0.92 0.85 0.83 0.76 0.74 0.87 0.69 0.72 0.62 0.92 0.00 0.91 0.00 0.00 
50 0.006889 0.919271 0.026207 0.813462 0.00 0.77 0.92 0.83 0.81 0.82 0.74 0.88 0.69 0.67 0.64 0.93 0.00 0.92 0.00 0.00 
51 0.006811 0.920202 0.026599 0.812041 0.00 0.79 0.92 0.82 0.82 0.83 0.74 0.84 0.69 0.68 0.62 0.94 0.00 0.92 0.00 0.00 
52 0.006829 0.919494 0.026219 0.814675 0.00 0.80 0.93 0.85 0.82 0.81 0.74 0.85 0.70 0.70 0.57 0.93 0.00 0.91 0.00 0.00 
53 0.006609 0.922955 0.026849 0.813107 0.00 0.74 0.93 0.83 0.84 0.82 0.73 0.87 0.69 0.68 0.69 0.91 0.00 0.91 0.00 0.00 
54 0.006723 0.921053 0.027249 0.809645 0.00 0.77 0.92 0.82 0.82 0.79 0.75 0.87 0.70 0.68 0.63 0.90 0.00 0.93 0.00 0.00 
55 0.006504 0.923583 0.026499 0.814556 0.00 0.77 0.92 0.84 0.84 0.81 0.74 0.86 0.71 0.70 0.59 0.92 0.00 0.93 0.00 0.00 
56 0.006579 0.923360 0.027335 0.814793 0.00 0.77 0.91 0.85 0.83 0.83 0.74 0.87 0.68 0.69 0.67 0.91 0.00 0.92 0.00 0.00 
57 0.006577 0.924190 0.027342 0.812071 0.00 0.79 0.93 0.84 0.82 0.80 0.75 0.85 0.65 0.70 0.59 0.92 0.00 0.92 0.00 0.00 
58 0.006423 0.925385 0.027276 0.812544 0.00 0.80 0.93 0.81 0.84 0.81 0.74 0.86 0.71 0.66 0.59 0.92 0.00 0.92 0.00 0.00 
59 0.006372 0.927146 0.027427 0.813728 0.00 0.77 0.92 0.84 0.82 0.81 0.73 0.87 0.70 0.72 0.63 0.92 0.00 0.92 0.00 0.00 
60 0.005893 0.931964 0.027693 0.816006 0.00 0.80 0.92 0.83 0.83 0.79 0.75 0.88 0.69 0.71 0.60 0.91 0.00 0.91 0.00 0.00 
61 0.005656 0.934231 0.027761 0.815148 0.00 0.77 0.93 0.85 0.81 0.80 0.74 0.88 0.69 0.71 0.63 0.91 0.00 0.91 0.00 0.00 
62 0.005650 0.933462 0.027735 0.814142 0.00 0.75 0.91 0.83 0.82 0.84 0.75 0.88 0.68 0.69 0.61 0.92 0.00 0.92 0.00 0.00 
63 0.005535 0.935202 0.027878 0.815089 0.00 0.77 0.92 0.84 0.83 0.80 0.75 0.87 0.69 0.69 0.62 0.91 0.00 0.92 0.00 0.00 
64 0.005562 0.935283 0.028445 0.815148 0.00 0.77 0.92 0.85 0.82 0.82 0.75 0.87 0.68 0.69 0.63 0.92 0.00 0.92 0.00 0.00 
65 0.005534 0.934919 0.028628 0.814320 0.00 0.78 0.92 0.85 0.83 0.83 0.73 0.85 0.69 0.68 0.60 0.91 0.00 0.92 0.00 0.00 
66 0.005470 0.936599 0.028800 0.814852 0.00 0.79 0.94 0.83 0.82 0.80 0.75 0.85 0.68 0.70 0.64 0.90 0.00 0.92 0.00 0.00 
67 0.005506 0.935263 0.028115 0.816124 0.00 0.77 0.92 0.85 0.82 0.81 0.75 0.86 0.68 0.72 0.62 0.92 0.00 0.91 0.00 0.00 
68 0.005497 0.936417 0.028780 0.816331 0.00 0.77 0.92 0.85 0.81 0.82 0.76 0.86 0.68 0.70 0.62 0.91 0.00 0.93 0.00 0.00 
69 0.005333 0.938198 0.028761 0.816982 0.00 0.78 0.93 0.83 0.82 0.81 0.75 0.87 0.68 0.73 0.62 0.91 0.00 0.94 0.00 0.00 
70 0.005363 0.936134 0.029349 0.811923 0.00 0.78 0.93 0.81 0.81 0.80 0.76 0.87 0.68 0.68 0.59 0.91 0.00 0.93 0.00 0.00 
71 0.005347 0.938219 0.029093 0.815000 0.00 0.76 0.92 0.84 0.82 0.81 0.76 0.88 0.68 0.68 0.62 0.91 0.00 0.92 0.00 0.00 
72 0.005242 0.938178 0.030134 0.811391 0.00 0.79 0.94 0.83 0.82 0.83 0.73 0.84 0.67 0.65 0.59 0.93 0.00 0.93 0.00 0.00 
73 0.005344 0.938502 0.029696 0.814438 0.00 0.80 0.92 0.81 0.82 0.80 0.75 0.88 0.69 0.70 0.57 0.92 0.00 0.92 0.00 0.00 
74 0.005170 0.939190 0.029318 0.815710 0.00 0.78 0.92 0.84 0.81 0.83 0.73 0.89 0.69 0.69 0.61 0.90 0.00 0.90 0.00 0.00 
75 0.005268 0.938239 0.029833 0.811923 0.00 0.75 0.92 0.85 0.82 0.81 0.74 0.86 0.70 0.66 0.65 0.92 0.00 0.92 0.00 0.00 
76 0.005141 0.938968 0.029783 0.812426 0.00 0.78 0.91 0.83 0.81 0.83 0.73 0.88 0.69 0.67 0.63 0.91 0.00 0.91 0.00 0.00 
77 0.005115 0.940769 0.030041 0.812012 0.00 0.77 0.92 0.83 0.82 0.79 0.76 0.87 0.69 0.71 0.62 0.91 0.00 0.92 0.00 0.00 
78 0.005039 0.941235 0.031043 0.813491 0.00 0.76 0.92 0.83 0.82 0.82 0.74 0.88 0.68 0.70 0.63 0.92 0.00 0.92 0.00 0.00 
79 0.005128 0.940202 0.030005 0.812574 0.00 0.75 0.93 0.82 0.82 0.82 0.75 0.86 0.68 0.71 0.65 0.91 0.00 0.92 0.00 0.00 
80 0.004783 0.943644 0.030251 0.815888 0.00 0.79 0.93 0.84 0.83 0.81 0.75 0.86 0.67 0.70 0.61 0.91 0.00 0.93 0.00 0.00 
81 0.004695 0.945162 0.030069 0.813284 0.00 0.75 0.92 0.84 0.82 0.81 0.75 0.86 0.69 0.70 0.65 0.92 0.00 0.92 0.00 0.00 
82 0.004672 0.945142 0.030214 0.815118 0.00 0.77 0.92 0.84 0.82 0.81 0.75 0.88 0.69 0.69 0.60 0.91 0.00 0.92 0.00 0.00 
83 0.004571 0.946943 0.030419 0.813343 0.00 0.76 0.93 0.84 0.82 0.80 0.76 0.87 0.68 0.71 0.61 0.92 0.00 0.92 0.00 0.00 
84 0.004631 0.945526 0.030872 0.814201 0.00 0.78 0.92 0.83 0.82 0.80 0.75 0.87 0.70 0.70 0.62 0.90 0.00 0.92 0.00 0.00 
85 0.004611 0.946397 0.030206 0.812988 0.00 0.76 0.93 0.84 0.82 0.81 0.74 0.87 0.69 0.69 0.63 0.92 0.00 0.92 0.00 0.00 
86 0.004616 0.945911 0.030709 0.813846 0.00 0.77 0.92 0.84 0.83 0.80 0.76 0.87 0.69 0.69 0.61 0.91 0.00 0.92 0.00 0.00 
87 0.004449 0.947126 0.031021 0.812396 0.00 0.77 0.93 0.84 0.82 0.80 0.75 0.86 0.68 0.71 0.62 0.92 0.00 0.92 0.00 0.00 
88 0.004566 0.946377 0.031145 0.811391 0.00 0.76 0.92 0.84 0.82 0.82 0.74 0.85 0.68 0.67 0.64 0.91 0.00 0.93 0.00 0.00 
89 0.004468 0.947591 0.031147 0.812663 0.00 0.78 0.93 0.84 0.82 0.80 0.75 0.87 0.69 0.69 0.61 0.90 0.00 0.91 0.00 0.00 
90 0.004574 0.946336 0.030682 0.812840 0.00 0.78 0.92 0.84 0.81 0.82 0.74 0.87 0.70 0.69 0.60 0.91 0.00 0.92 0.00 0.00 
91 0.004454 0.946802 0.031451 0.813077 0.00 0.75 0.93 0.84 0.81 0.79 0.75 0.89 0.68 0.73 0.65 0.91 0.00 0.92 0.00 0.00 
92 0.004373 0.947773 0.031453 0.815118 0.00 0.79 0.92 0.84 0.82 0.81 0.75 0.87 0.70 0.70 0.59 0.91 0.00 0.91 0.00 0.00 
93 0.004442 0.947591 0.031492 0.812160 0.00 0.78 0.92 0.83 0.82 0.81 0.73 0.87 0.71 0.69 0.61 0.91 0.00 0.91 0.00 0.00 
94 0.004358 0.948178 0.031357 0.815030 0.00 0.79 0.92 0.83 0.83 0.81 0.74 0.87 0.68 0.69 0.59 0.91 0.00 0.92 0.00 0.00 
95 0.004448 0.947368 0.031769 0.813047 0.00 0.76 0.93 0.83 0.81 0.82 0.75 0.87 0.70 0.69 0.64 0.91 0.00 0.93 0.00 0.00 
96 0.004412 0.947227 0.032309 0.813521 0.00 0.78 0.92 0.82 0.83 0.82 0.74 0.87 0.69 0.67 0.61 0.91 0.00 0.92 0.00 0.00 
97 0.004425 0.948664 0.031777 0.808639 0.00 0.77 0.91 0.82 0.82 0.78 0.75 0.87 0.70 0.73 0.60 0.91 0.00 0.91 0.00 0.00 
98 0.004432 0.947935 0.031733 0.813166 0.00 0.78 0.93 0.84 0.82 0.79 0.74 0.88 0.69 0.69 0.63 0.89 0.00 0.91 0.00 0.00 
99 0.004298 0.949575 0.032390 0.813639 0.00 0.76 0.93 0.84 0.82 0.80 0.75 0.87 0.69 0.71 0.61 0.91 0.00 0.92 0.00 0.00 
