Epoch Train_Loss Train_Accuracy Test_Loss Test_Accuracy
0 0.047502 0.582105 0.055277 0.516923 0.00 0.12 0.05 0.71 0.73 0.91 0.51 0.90 0.12 0.64 0.00 0.00 0.00 0.90 0.00 0.00 
1 0.027945 0.758947 0.041340 0.606923 0.00 0.00 0.97 0.89 0.89 0.93 0.63 0.21 0.36 0.02 0.84 0.78 0.00 0.26 0.00 0.00 
2 0.024951 0.781053 0.024285 0.806154 0.00 0.96 0.95 0.76 0.75 0.87 0.77 0.77 0.76 0.78 0.10 0.82 0.00 0.98 0.00 0.00 
3 0.021575 0.805263 0.024913 0.747692 0.00 0.26 0.97 0.79 0.76 0.89 0.68 0.82 0.62 0.72 0.84 0.78 0.00 0.96 0.00 0.00 
4 0.021402 0.811579 0.023861 0.787692 0.00 0.58 0.90 0.81 0.88 0.91 0.74 0.69 0.56 0.82 0.78 0.88 0.00 0.92 0.00 0.00 
5 0.019564 0.832632 0.025295 0.764615 0.00 0.55 0.97 0.87 0.87 0.52 0.66 0.79 0.74 0.78 0.84 0.82 0.00 1.00 0.00 0.00 
6 0.016699 0.846316 0.017966 0.836154 0.00 0.91 0.99 0.94 0.87 0.85 0.84 0.83 0.78 0.82 0.16 0.26 0.00 1.00 0.00 0.00 
7 0.017251 0.843684 0.022052 0.794615 0.00 0.89 0.45 0.88 0.92 0.91 0.85 0.84 0.84 0.78 0.34 0.58 0.00 0.88 0.00 0.00 
8 0.015804 0.855263 0.018098 0.856923 0.00 0.95 0.98 0.87 0.87 0.92 0.80 0.88 0.54 0.80 0.38 0.78 0.00 0.98 0.00 0.00 
9 0.013665 0.881053 0.016674 0.840769 0.00 0.51 0.95 0.89 0.89 0.87 0.81 0.91 0.78 0.82 0.86 0.92 0.00 0.96 0.00 0.00 
10 0.014059 0.880000 0.017642 0.854615 0.00 0.76 0.97 0.89 0.92 0.77 0.89 0.88 0.52 0.74 0.78 0.94 0.00 1.00 0.00 0.00 
11 0.014269 0.877368 0.016928 0.867692 0.00 0.89 0.92 0.89 0.87 0.91 0.86 0.92 0.76 0.60 0.56 0.94 0.00 0.88 0.00 0.00 
12 0.013525 0.887895 0.018093 0.853846 0.00 0.98 0.99 0.90 0.90 0.91 0.75 0.85 0.76 0.78 0.12 0.80 0.00 0.94 0.00 0.00 
13 0.013818 0.876316 0.020539 0.810769 0.00 0.67 0.95 0.87 0.85 0.65 0.75 0.92 0.66 0.82 0.86 0.82 0.00 0.94 0.00 0.00 
14 0.013192 0.876842 0.015212 0.863077 0.00 0.73 0.95 0.85 0.93 0.91 0.87 0.89 0.82 0.58 0.76 0.92 0.00 0.92 0.00 0.00 
15 0.015181 0.858947 0.018049 0.856154 0.00 0.76 0.97 0.93 0.83 0.90 0.88 0.85 0.62 0.66 0.72 0.94 0.00 0.98 0.00 0.00 
16 0.013941 0.875789 0.018337 0.847692 0.00 0.81 0.98 0.84 0.91 0.92 0.88 0.85 0.60 0.66 0.44 0.78 0.00 0.98 0.00 0.00 
17 0.010930 0.901053 0.015634 0.862308 0.00 0.85 0.98 0.89 0.94 0.81 0.83 0.83 0.72 0.78 0.70 0.82 0.00 0.98 0.00 0.00 
18 0.011141 0.899474 0.016458 0.854615 0.00 0.83 0.96 0.91 0.89 0.92 0.81 0.85 0.62 0.68 0.44 0.98 0.00 0.98 0.00 0.00 
19 0.011779 0.892632 0.018252 0.836154 0.00 0.58 0.97 0.89 0.87 0.95 0.82 0.91 0.74 0.64 0.50 0.94 0.00 0.94 0.00 0.00 
20 0.009738 0.910526 0.015349 0.874615 0.00 0.72 0.97 0.91 0.91 0.90 0.85 0.91 0.84 0.76 0.78 0.88 0.00 0.96 0.00 0.00 
21 0.007462 0.928947 0.014139 0.880000 0.00 0.85 0.97 0.91 0.92 0.90 0.86 0.88 0.70 0.68 0.74 0.92 0.00 0.98 0.00 0.00 
22 0.007079 0.932632 0.014944 0.871538 0.00 0.81 0.96 0.88 0.93 0.93 0.84 0.89 0.80 0.64 0.70 0.88 0.00 0.94 0.00 0.00 
23 0.007394 0.926316 0.015691 0.859231 0.00 0.90 0.93 0.90 0.90 0.85 0.85 0.81 0.68 0.74 0.64 0.90 0.00 0.96 0.00 0.00 
24 0.008470 0.915789 0.014961 0.867692 0.00 0.64 0.95 0.91 0.94 0.90 0.87 0.89 0.78 0.78 0.84 0.94 0.00 0.92 0.00 0.00 
25 0.008071 0.925263 0.013684 0.878462 0.00 0.74 0.96 0.89 0.94 0.95 0.85 0.90 0.74 0.68 0.80 0.92 0.00 1.00 0.00 0.00 
26 0.006970 0.933158 0.013680 0.882308 0.00 0.75 0.95 0.93 0.93 0.90 0.85 0.94 0.78 0.72 0.80 0.92 0.00 0.96 0.00 0.00 
27 0.007705 0.923158 0.014651 0.881538 0.00 0.83 0.98 0.89 0.89 0.93 0.85 0.89 0.76 0.72 0.78 0.94 0.00 0.98 0.00 0.00 
28 0.007744 0.928421 0.016398 0.847692 0.00 0.53 0.97 0.94 0.91 0.91 0.82 0.85 0.78 0.74 0.82 0.92 0.00 0.98 0.00 0.00 
29 0.007346 0.928421 0.014029 0.884615 0.00 0.85 0.97 0.93 0.91 0.92 0.87 0.85 0.78 0.66 0.74 0.94 0.00 1.00 0.00 0.00 
30 0.006852 0.934211 0.013641 0.884615 0.00 0.77 0.97 0.92 0.93 0.87 0.86 0.91 0.80 0.80 0.86 0.92 0.00 0.96 0.00 0.00 
31 0.006529 0.937895 0.015932 0.844615 0.00 0.75 0.93 0.89 0.87 0.94 0.89 0.87 0.78 0.62 0.78 0.44 0.00 0.90 0.00 0.00 
32 0.007347 0.928947 0.016024 0.864615 0.00 0.87 0.95 0.85 0.92 0.85 0.87 0.89 0.72 0.62 0.64 0.94 0.00 0.94 0.00 0.00 
33 0.007357 0.925789 0.014315 0.881538 0.00 0.81 0.97 0.95 0.91 0.89 0.87 0.86 0.76 0.70 0.76 0.92 0.00 1.00 0.00 0.00 
34 0.006633 0.930000 0.016153 0.870769 0.00 0.91 0.97 0.90 0.88 0.87 0.82 0.93 0.74 0.68 0.54 0.94 0.00 0.88 0.00 0.00 
35 0.006870 0.931053 0.016968 0.863846 0.00 0.79 0.96 0.93 0.91 0.88 0.78 0.91 0.76 0.74 0.84 0.94 0.00 0.72 0.00 0.00 
36 0.006454 0.937368 0.017164 0.846154 0.00 0.53 0.95 0.89 0.92 0.91 0.87 0.82 0.74 0.72 0.94 0.92 0.00 0.98 0.00 0.00 
37 0.007046 0.935789 0.014444 0.884615 0.00 0.81 0.93 0.91 0.91 0.94 0.83 0.92 0.78 0.76 0.82 0.94 0.00 0.94 0.00 0.00 
38 0.006251 0.942632 0.014435 0.871538 0.00 0.75 0.95 0.89 0.91 0.89 0.90 0.89 0.76 0.60 0.78 0.94 0.00 1.00 0.00 0.00 
39 0.006143 0.934737 0.014204 0.880769 0.00 0.76 0.97 0.91 0.91 0.91 0.89 0.90 0.78 0.62 0.84 0.94 0.00 0.98 0.00 0.00 
40 0.005178 0.948947 0.013685 0.892308 0.00 0.90 0.97 0.91 0.92 0.90 0.87 0.89 0.74 0.74 0.78 0.92 0.00 0.96 0.00 0.00 
41 0.005144 0.955789 0.014651 0.886923 0.00 0.89 0.96 0.91 0.87 0.90 0.87 0.92 0.70 0.70 0.78 0.94 0.00 1.00 0.00 0.00 
42 0.004639 0.960000 0.015103 0.887692 0.00 0.97 0.96 0.92 0.90 0.91 0.82 0.90 0.78 0.80 0.44 0.94 0.00 0.98 0.00 0.00 
43 0.004619 0.958947 0.014815 0.883077 0.00 0.80 0.97 0.93 0.90 0.88 0.85 0.92 0.70 0.76 0.84 0.94 0.00 0.96 0.00 0.00 
44 0.005474 0.948421 0.014324 0.888462 0.00 0.80 0.97 0.92 0.92 0.93 0.85 0.89 0.80 0.74 0.88 0.92 0.00 0.94 0.00 0.00 
45 0.004563 0.953684 0.014549 0.878462 0.00 0.73 0.95 0.93 0.93 0.87 0.87 0.89 0.76 0.78 0.90 0.92 0.00 0.98 0.00 0.00 
46 0.005248 0.945263 0.014931 0.883846 0.00 0.87 0.96 0.91 0.92 0.90 0.85 0.84 0.80 0.72 0.78 0.94 0.00 1.00 0.00 0.00 
47 0.004444 0.951579 0.014527 0.890000 0.00 0.91 0.97 0.92 0.93 0.91 0.84 0.91 0.74 0.70 0.70 0.94 0.00 0.92 0.00 0.00 
48 0.004256 0.960526 0.014031 0.888462 0.00 0.83 0.95 0.93 0.91 0.91 0.81 0.89 0.78 0.86 0.82 0.94 0.00 0.96 0.00 0.00 
49 0.004130 0.957895 0.015441 0.878462 0.00 0.85 0.96 0.89 0.93 0.89 0.85 0.89 0.78 0.74 0.66 0.94 0.00 0.96 0.00 0.00 
50 0.004154 0.960526 0.015032 0.885385 0.00 0.89 0.95 0.91 0.93 0.89 0.85 0.86 0.78 0.76 0.68 0.94 0.00 0.98 0.00 0.00 
51 0.004023 0.960000 0.015850 0.873077 0.00 0.63 0.96 0.92 0.93 0.90 0.86 0.89 0.78 0.82 0.92 0.94 0.00 1.00 0.00 0.00 
52 0.003694 0.959474 0.014518 0.888462 0.00 0.82 0.97 0.91 0.90 0.93 0.86 0.90 0.78 0.72 0.84 0.94 0.00 0.94 0.00 0.00 
53 0.003848 0.961579 0.017049 0.857692 0.00 0.60 0.96 0.92 0.90 0.92 0.86 0.84 0.80 0.72 0.86 0.94 0.00 0.98 0.00 0.00 
54 0.004104 0.961579 0.014689 0.885385 0.00 0.93 0.97 0.89 0.89 0.92 0.86 0.89 0.82 0.68 0.58 0.94 0.00 0.96 0.00 0.00 
55 0.004454 0.957368 0.014135 0.894615 0.00 0.94 0.97 0.95 0.90 0.91 0.85 0.90 0.80 0.74 0.62 0.90 0.00 0.92 0.00 0.00 
56 0.004113 0.960000 0.015213 0.880000 0.00 0.89 0.93 0.92 0.91 0.87 0.85 0.86 0.84 0.76 0.66 0.94 0.00 1.00 0.00 0.00 
57 0.004383 0.958947 0.015570 0.872308 0.00 0.79 0.95 0.95 0.90 0.85 0.79 0.89 0.78 0.76 0.86 0.94 0.00 0.96 0.00 0.00 
58 0.004082 0.956316 0.015921 0.859231 0.00 0.66 0.96 0.91 0.91 0.89 0.89 0.87 0.78 0.68 0.70 0.94 0.00 0.98 0.00 0.00 
59 0.003999 0.958947 0.013489 0.898462 0.00 0.93 0.97 0.93 0.89 0.93 0.87 0.90 0.78 0.78 0.64 0.94 0.00 0.94 0.00 0.00 
60 0.003517 0.965789 0.014344 0.890769 0.00 0.83 0.97 0.91 0.91 0.92 0.84 0.91 0.74 0.82 0.84 0.94 0.00 0.96 0.00 0.00 
61 0.003048 0.967895 0.014043 0.895385 0.00 0.93 0.98 0.92 0.91 0.91 0.84 0.93 0.78 0.68 0.74 0.88 0.00 0.96 0.00 0.00 
62 0.003491 0.969474 0.014184 0.886154 0.00 0.80 0.97 0.93 0.92 0.93 0.83 0.91 0.78 0.68 0.84 0.94 0.00 0.96 0.00 0.00 
63 0.002908 0.973684 0.014475 0.888462 0.00 0.87 0.95 0.93 0.91 0.89 0.84 0.89 0.80 0.76 0.76 0.94 0.00 0.96 0.00 0.00 
64 0.002582 0.976316 0.014621 0.882308 0.00 0.85 0.97 0.91 0.92 0.90 0.84 0.88 0.80 0.68 0.76 0.94 0.00 0.96 0.00 0.00 
65 0.003152 0.970526 0.015534 0.881538 0.00 0.79 0.97 0.93 0.92 0.91 0.82 0.88 0.80 0.72 0.86 0.94 0.00 0.96 0.00 0.00 
66 0.003376 0.973684 0.015194 0.890000 0.00 0.92 0.96 0.92 0.91 0.89 0.83 0.93 0.76 0.80 0.62 0.94 0.00 0.94 0.00 0.00 
67 0.003074 0.967895 0.016088 0.886923 0.00 0.84 0.97 0.91 0.93 0.91 0.82 0.88 0.78 0.80 0.80 0.94 0.00 0.96 0.00 0.00 
68 0.003199 0.970526 0.015273 0.886923 0.00 0.81 0.95 0.93 0.93 0.91 0.83 0.93 0.74 0.76 0.84 0.94 0.00 0.94 0.00 0.00 
69 0.003115 0.966842 0.014992 0.886923 0.00 0.85 0.97 0.93 0.93 0.93 0.84 0.87 0.76 0.68 0.78 0.94 0.00 0.96 0.00 0.00 
70 0.003067 0.964211 0.015733 0.881538 0.00 0.76 0.97 0.93 0.92 0.91 0.83 0.90 0.78 0.70 0.88 0.94 0.00 0.96 0.00 0.00 
71 0.003197 0.973158 0.015051 0.885385 0.00 0.89 0.97 0.93 0.92 0.90 0.84 0.86 0.78 0.74 0.70 0.94 0.00 0.96 0.00 0.00 
72 0.002676 0.972105 0.016513 0.880000 0.00 0.83 0.95 0.90 0.92 0.88 0.80 0.91 0.78 0.82 0.84 0.92 0.00 0.96 0.00 0.00 
73 0.002860 0.971053 0.016131 0.876923 0.00 0.71 0.95 0.92 0.92 0.91 0.85 0.90 0.76 0.72 0.90 0.94 0.00 0.96 0.00 0.00 
74 0.002754 0.976842 0.016359 0.877692 0.00 0.75 0.96 0.93 0.92 0.88 0.84 0.91 0.76 0.72 0.88 0.92 0.00 0.96 0.00 0.00 
75 0.002720 0.973684 0.015673 0.892308 0.00 0.91 0.97 0.93 0.93 0.90 0.85 0.87 0.78 0.72 0.76 0.94 0.00 0.96 0.00 0.00 
76 0.002684 0.972105 0.015246 0.884615 0.00 0.82 0.97 0.91 0.93 0.92 0.82 0.88 0.72 0.86 0.80 0.94 0.00 0.96 0.00 0.00 
77 0.002814 0.974211 0.015704 0.883077 0.00 0.80 0.97 0.93 0.91 0.89 0.85 0.91 0.76 0.74 0.78 0.94 0.00 0.96 0.00 0.00 
78 0.002438 0.974737 0.015490 0.890000 0.00 0.85 0.95 0.93 0.92 0.90 0.83 0.90 0.80 0.82 0.78 0.94 0.00 0.96 0.00 0.00 
79 0.002428 0.976842 0.015936 0.889231 0.00 0.81 0.97 0.93 0.92 0.91 0.83 0.93 0.78 0.74 0.88 0.94 0.00 0.90 0.00 0.00 
80 0.001958 0.982105 0.015612 0.897692 0.00 0.90 0.97 0.93 0.91 0.91 0.84 0.92 0.78 0.74 0.76 0.94 0.00 0.96 0.00 0.00 
81 0.002034 0.982632 0.015765 0.890769 0.00 0.85 0.97 0.92 0.92 0.91 0.85 0.93 0.76 0.70 0.78 0.94 0.00 0.96 0.00 0.00 
82 0.002269 0.978947 0.015876 0.890769 0.00 0.85 0.97 0.92 0.93 0.91 0.84 0.89 0.78 0.76 0.80 0.94 0.00 0.96 0.00 0.00 
83 0.002132 0.979474 0.015009 0.890769 0.00 0.87 0.96 0.93 0.92 0.92 0.85 0.89 0.78 0.70 0.76 0.94 0.00 0.96 0.00 0.00 
84 0.001943 0.980000 0.015089 0.888462 0.00 0.81 0.96 0.94 0.93 0.92 0.85 0.90 0.76 0.70 0.84 0.94 0.00 0.96 0.00 0.00 
85 0.001936 0.982632 0.016145 0.886154 0.00 0.81 0.97 0.94 0.91 0.90 0.84 0.89 0.78 0.74 0.84 0.94 0.00 0.94 0.00 0.00 
86 0.002399 0.982105 0.015800 0.893846 0.00 0.89 0.96 0.92 0.93 0.91 0.84 0.93 0.74 0.74 0.76 0.94 0.00 0.96 0.00 0.00 
87 0.002489 0.977368 0.015789 0.886154 0.00 0.77 0.97 0.93 0.91 0.92 0.84 0.91 0.78 0.78 0.84 0.94 0.00 0.96 0.00 0.00 
88 0.001872 0.980000 0.015389 0.889231 0.00 0.86 0.96 0.93 0.92 0.91 0.85 0.86 0.78 0.74 0.78 0.94 0.00 1.00 0.00 0.00 
89 0.001814 0.983158 0.015882 0.888462 0.00 0.89 0.97 0.93 0.92 0.91 0.83 0.90 0.74 0.74 0.72 0.94 0.00 0.96 0.00 0.00 
90 0.001926 0.981053 0.016395 0.886923 0.00 0.81 0.97 0.94 0.91 0.91 0.85 0.87 0.76 0.76 0.82 0.94 0.00 1.00 0.00 0.00 
91 0.001887 0.982632 0.016257 0.891538 0.00 0.87 0.97 0.93 0.93 0.91 0.84 0.89 0.78 0.82 0.70 0.94 0.00 0.96 0.00 0.00 
92 0.001855 0.983158 0.016639 0.888462 0.00 0.86 0.97 0.91 0.91 0.91 0.83 0.89 0.76 0.76 0.82 0.94 0.00 0.96 0.00 0.00 
93 0.001646 0.984737 0.016152 0.887692 0.00 0.82 0.97 0.92 0.92 0.90 0.84 0.90 0.76 0.78 0.84 0.94 0.00 0.96 0.00 0.00 
94 0.001709 0.981579 0.016584 0.888462 0.00 0.81 0.97 0.91 0.93 0.91 0.85 0.91 0.78 0.74 0.84 0.94 0.00 0.96 0.00 0.00 
95 0.001845 0.984211 0.015777 0.889231 0.00 0.85 0.96 0.91 0.93 0.91 0.84 0.92 0.76 0.74 0.76 0.94 0.00 0.96 0.00 0.00 
96 0.001726 0.984737 0.016208 0.890000 0.00 0.87 0.97 0.92 0.93 0.91 0.84 0.89 0.78 0.74 0.74 0.94 0.00 0.96 0.00 0.00 
97 0.001589 0.985263 0.017879 0.879231 0.00 0.71 0.96 0.92 0.93 0.92 0.85 0.89 0.78 0.70 0.92 0.94 0.00 0.96 0.00 0.00 
98 0.001568 0.989474 0.015956 0.891538 0.00 0.90 0.97 0.92 0.91 0.91 0.84 0.89 0.78 0.72 0.76 0.94 0.00 0.96 0.00 0.00 
99 0.002178 0.983158 0.016722 0.878462 0.00 0.77 0.97 0.93 0.93 0.90 0.84 0.86 0.76 0.76 0.84 0.90 0.00 1.00 0.00 0.00 
