Epoch Train_Loss Train_Accuracy Test_Loss Test_Accuracy
0 0.046937 0.596316 0.048979 0.610000 0.00 0.49 0.21 0.81 0.91 0.95 0.53 0.90 0.44 0.02 0.36 0.08 0.00 0.58 0.00 0.00 
1 0.027731 0.763158 0.035107 0.726154 0.00 0.69 0.95 0.67 0.83 0.85 0.87 0.87 0.00 0.78 0.02 0.00 0.00 0.90 0.00 0.00 
2 0.027680 0.750000 0.030601 0.719231 0.00 0.69 0.64 0.80 0.75 0.81 0.56 0.96 0.58 0.74 0.30 0.74 0.00 0.74 0.00 0.00 
3 0.024695 0.770526 0.026816 0.768462 0.00 0.88 0.97 0.69 0.89 0.88 0.83 0.61 0.78 0.58 0.00 0.84 0.00 0.54 0.00 0.00 
4 0.022075 0.795263 0.041247 0.673846 0.00 0.67 1.00 0.85 0.89 0.05 0.69 0.69 0.52 0.86 0.00 0.64 0.00 0.98 0.00 0.00 
5 0.019536 0.825263 0.029497 0.729231 0.00 0.91 0.99 0.84 0.89 0.09 0.84 0.70 0.48 0.80 0.12 0.80 0.00 1.00 0.00 0.00 
6 0.019578 0.825789 0.023306 0.794615 0.00 0.81 0.96 0.83 0.87 0.49 0.90 0.91 0.70 0.68 0.04 0.96 0.00 0.94 0.00 0.00 
7 0.018967 0.827368 0.025974 0.767692 0.00 0.34 0.94 0.95 0.88 0.95 0.65 0.85 0.32 0.64 0.42 0.96 0.00 0.98 0.00 0.00 
8 0.017650 0.823684 0.018895 0.816923 0.00 0.40 0.95 0.93 0.91 0.90 0.84 0.87 0.70 0.62 0.62 0.92 0.00 0.98 0.00 0.00 
9 0.017590 0.842105 0.023315 0.796923 0.00 0.93 0.81 0.81 0.92 0.89 0.89 0.74 0.10 0.50 0.14 1.00 0.00 1.00 0.00 0.00 
10 0.015534 0.860526 0.018865 0.842308 0.00 0.75 0.93 0.82 0.95 0.95 0.93 0.77 0.60 0.50 0.60 0.92 0.00 0.98 0.00 0.00 
11 0.017078 0.833158 0.016726 0.840000 0.00 0.38 0.93 0.94 0.92 0.91 0.88 0.88 0.72 0.78 0.82 0.98 0.00 1.00 0.00 0.00 
12 0.013480 0.880526 0.017629 0.843077 0.00 0.65 0.93 0.89 0.94 0.87 0.85 0.93 0.54 0.64 0.70 0.88 0.00 0.94 0.00 0.00 
13 0.013725 0.866842 0.018712 0.842308 0.00 0.86 0.95 0.85 0.91 0.91 0.76 0.79 0.68 0.78 0.44 0.92 0.00 1.00 0.00 0.00 
14 0.013062 0.888421 0.015280 0.853077 0.00 0.65 0.96 0.90 0.84 0.91 0.90 0.94 0.62 0.58 0.78 0.92 0.00 0.98 0.00 0.00 
15 0.013054 0.877895 0.020466 0.844615 0.00 0.82 0.92 0.81 0.87 0.83 0.81 0.93 0.78 0.62 0.74 0.96 0.00 0.90 0.00 0.00 
16 0.013997 0.877895 0.017676 0.858462 0.00 0.85 0.98 0.92 0.93 0.95 0.87 0.81 0.76 0.66 0.48 0.74 0.00 0.78 0.00 0.00 
17 0.013057 0.880000 0.023473 0.775385 0.00 0.33 0.91 0.95 0.93 0.81 0.85 0.54 0.86 0.76 0.74 0.84 0.00 1.00 0.00 0.00 
18 0.012301 0.889474 0.015329 0.866154 0.00 0.76 0.91 0.90 0.91 0.89 0.91 0.94 0.70 0.70 0.68 0.88 0.00 0.90 0.00 0.00 
19 0.011542 0.897368 0.015117 0.866154 0.00 0.94 0.97 0.87 0.89 0.89 0.81 0.89 0.72 0.76 0.34 0.94 0.00 0.98 0.00 0.00 
20 0.011996 0.888421 0.016493 0.860000 0.00 0.92 0.97 0.90 0.89 0.87 0.82 0.93 0.76 0.54 0.28 0.92 0.00 0.98 0.00 0.00 
21 0.011124 0.890000 0.020212 0.822308 0.00 0.79 0.94 0.91 0.94 0.91 0.57 0.93 0.72 0.64 0.24 0.82 0.00 0.94 0.00 0.00 
22 0.010921 0.899474 0.016929 0.852308 0.00 0.87 0.97 0.84 0.85 0.86 0.85 0.83 0.68 0.74 0.64 0.86 0.00 1.00 0.00 0.00 
23 0.009774 0.903684 0.015318 0.868462 0.00 0.85 0.96 0.89 0.93 0.87 0.90 0.82 0.70 0.64 0.64 0.94 0.00 1.00 0.00 0.00 
24 0.009322 0.922105 0.027635 0.777692 0.00 0.99 0.96 0.91 0.89 0.47 0.62 0.82 0.70 0.62 0.04 0.98 0.00 0.94 0.00 0.00 
25 0.010464 0.898421 0.017288 0.853077 0.00 0.82 0.98 0.93 0.79 0.83 0.83 0.92 0.68 0.72 0.72 0.80 0.00 0.96 0.00 0.00 
26 0.009920 0.906842 0.016237 0.855385 0.00 0.73 0.96 0.75 0.89 0.93 0.89 0.93 0.80 0.50 0.76 0.94 0.00 1.00 0.00 0.00 
27 0.011168 0.897895 0.026174 0.733077 0.00 0.45 0.95 0.86 0.93 0.15 0.85 0.90 0.12 0.82 0.88 0.96 0.00 1.00 0.00 0.00 
28 0.010450 0.902632 0.017087 0.834615 0.00 0.55 0.96 0.93 0.92 0.81 0.87 0.91 0.60 0.62 0.84 0.98 0.00 0.84 0.00 0.00 
29 0.011034 0.896842 0.014929 0.880000 0.00 0.91 0.95 0.93 0.86 0.87 0.86 0.90 0.72 0.68 0.68 1.00 0.00 0.98 0.00 0.00 
30 0.009159 0.913684 0.017022 0.856923 0.00 0.81 0.98 0.93 0.93 0.85 0.80 0.87 0.74 0.66 0.54 0.88 0.00 0.94 0.00 0.00 
31 0.009407 0.902105 0.014631 0.876923 0.00 0.97 0.95 0.91 0.92 0.93 0.81 0.91 0.70 0.72 0.26 0.92 0.00 0.94 0.00 0.00 
32 0.008362 0.918947 0.016768 0.843077 0.00 0.81 0.95 0.95 0.93 0.52 0.81 0.92 0.84 0.74 0.78 0.88 0.00 0.98 0.00 0.00 
33 0.008258 0.921053 0.015127 0.884615 0.00 0.84 0.95 0.91 0.89 0.93 0.91 0.91 0.70 0.62 0.70 0.98 0.00 1.00 0.00 0.00 
34 0.007685 0.926842 0.015596 0.867692 0.00 0.93 0.99 0.91 0.91 0.89 0.90 0.87 0.82 0.66 0.28 0.74 0.00 0.90 0.00 0.00 
35 0.008435 0.919474 0.015394 0.878462 0.00 0.90 0.98 0.85 0.94 0.94 0.85 0.90 0.70 0.58 0.54 0.92 0.00 1.00 0.00 0.00 
36 0.007653 0.920000 0.015302 0.866923 0.00 0.63 0.93 0.89 0.91 0.91 0.91 0.93 0.70 0.68 0.84 0.96 0.00 1.00 0.00 0.00 
37 0.006414 0.937368 0.020624 0.833846 0.00 0.60 0.85 0.89 0.94 0.88 0.85 0.87 0.34 0.74 0.96 0.98 0.00 1.00 0.00 0.00 
38 0.007214 0.928421 0.017906 0.860769 0.00 0.97 0.95 0.92 0.91 0.90 0.86 0.90 0.74 0.60 0.22 0.82 0.00 0.76 0.00 0.00 
39 0.008225 0.923684 0.015202 0.860769 0.00 0.65 0.95 0.85 0.91 0.93 0.87 0.91 0.72 0.66 0.86 0.96 0.00 1.00 0.00 0.00 
40 0.006190 0.941579 0.015899 0.859231 0.00 0.57 0.96 0.93 0.93 0.88 0.86 0.89 0.62 0.78 0.96 0.94 0.00 1.00 0.00 0.00 
41 0.005127 0.951053 0.013424 0.891538 0.00 0.87 0.97 0.93 0.93 0.94 0.85 0.87 0.68 0.70 0.70 0.98 0.00 1.00 0.00 0.00 
42 0.005587 0.942632 0.013999 0.889231 0.00 0.93 0.95 0.91 0.93 0.89 0.87 0.91 0.74 0.74 0.50 0.98 0.00 1.00 0.00 0.00 
43 0.005180 0.947895 0.015720 0.886154 0.00 0.91 0.95 0.87 0.94 0.89 0.86 0.92 0.74 0.70 0.62 0.98 0.00 0.98 0.00 0.00 
44 0.005401 0.938421 0.014078 0.892308 0.00 0.88 0.97 0.92 0.92 0.89 0.84 0.91 0.74 0.78 0.70 0.98 0.00 1.00 0.00 0.00 
45 0.005309 0.946842 0.014102 0.885385 0.00 0.77 0.96 0.93 0.92 0.90 0.85 0.93 0.66 0.76 0.94 0.94 0.00 0.94 0.00 0.00 
46 0.004500 0.955263 0.016621 0.868462 0.00 0.85 0.93 0.85 0.94 0.92 0.89 0.94 0.62 0.66 0.40 0.94 0.00 0.98 0.00 0.00 
47 0.005041 0.946316 0.014693 0.888462 0.00 0.81 0.97 0.91 0.94 0.92 0.83 0.89 0.74 0.76 0.88 0.90 0.00 0.98 0.00 0.00 
48 0.005399 0.950000 0.014054 0.884615 0.00 0.87 0.97 0.93 0.92 0.91 0.83 0.89 0.74 0.66 0.72 0.92 0.00 1.00 0.00 0.00 
49 0.005570 0.939474 0.016434 0.873846 0.00 0.78 0.97 0.91 0.91 0.89 0.82 0.95 0.66 0.82 0.70 0.98 0.00 0.88 0.00 0.00 
50 0.004154 0.956842 0.015366 0.866154 0.00 0.65 0.97 0.92 0.90 0.82 0.83 0.94 0.84 0.76 0.94 0.92 0.00 0.98 0.00 0.00 
51 0.004546 0.950526 0.015454 0.889231 0.00 0.89 0.97 0.93 0.92 0.92 0.82 0.91 0.84 0.62 0.66 0.98 0.00 0.96 0.00 0.00 
52 0.004591 0.953684 0.014173 0.892308 0.00 0.82 0.97 0.94 0.93 0.93 0.84 0.91 0.60 0.80 0.86 0.98 0.00 0.94 0.00 0.00 
53 0.005322 0.948421 0.015782 0.880000 0.00 0.85 0.96 0.91 0.91 0.93 0.87 0.91 0.60 0.58 0.74 0.98 0.00 0.98 0.00 0.00 
54 0.004626 0.955789 0.014764 0.891538 0.00 0.91 0.97 0.90 0.93 0.93 0.84 0.90 0.70 0.80 0.72 0.92 0.00 0.94 0.00 0.00 
55 0.005190 0.946316 0.014525 0.888462 0.00 0.93 0.97 0.92 0.90 0.95 0.83 0.85 0.68 0.78 0.66 0.96 0.00 1.00 0.00 0.00 
56 0.004251 0.955263 0.015050 0.887692 0.00 0.89 0.95 0.93 0.91 0.93 0.83 0.91 0.70 0.74 0.64 0.96 0.00 0.98 0.00 0.00 
57 0.004218 0.956316 0.015947 0.888462 0.00 0.91 0.96 0.91 0.93 0.93 0.84 0.92 0.54 0.74 0.70 0.98 0.00 0.94 0.00 0.00 
58 0.004514 0.948947 0.014735 0.891538 0.00 0.91 0.98 0.92 0.90 0.89 0.85 0.92 0.68 0.78 0.68 0.94 0.00 1.00 0.00 0.00 
59 0.003794 0.958947 0.014708 0.892308 0.00 0.85 0.96 0.93 0.92 0.89 0.84 0.91 0.76 0.82 0.76 0.96 0.00 1.00 0.00 0.00 
60 0.004361 0.952632 0.017556 0.870769 0.00 0.63 0.95 0.91 0.92 0.91 0.85 0.91 0.76 0.80 0.96 0.88 0.00 1.00 0.00 0.00 
61 0.004781 0.952105 0.015888 0.890769 0.00 0.95 0.96 0.92 0.93 0.94 0.85 0.92 0.66 0.70 0.40 0.98 0.00 1.00 0.00 0.00 
62 0.004158 0.958947 0.016118 0.888462 0.00 0.84 0.98 0.93 0.91 0.88 0.82 0.90 0.70 0.80 0.88 0.96 0.00 1.00 0.00 0.00 
63 0.004015 0.960526 0.016055 0.879231 0.00 0.75 0.97 0.91 0.91 0.91 0.85 0.93 0.72 0.80 0.76 0.96 0.00 0.94 0.00 0.00 
64 0.004452 0.952632 0.014951 0.886923 0.00 0.87 0.95 0.89 0.92 0.93 0.85 0.91 0.84 0.60 0.70 0.94 0.00 1.00 0.00 0.00 
65 0.003790 0.959474 0.016607 0.874615 0.00 0.82 0.95 0.93 0.91 0.89 0.83 0.93 0.76 0.64 0.78 0.98 0.00 0.78 0.00 0.00 
66 0.003418 0.966842 0.025904 0.805385 0.00 0.57 0.97 0.84 0.91 0.57 0.70 0.92 0.68 0.90 0.98 0.98 0.00 0.98 0.00 0.00 
67 0.004700 0.953684 0.018441 0.865385 0.00 0.70 0.96 0.89 0.91 0.90 0.80 0.88 0.66 0.86 0.88 0.98 0.00 0.98 0.00 0.00 
68 0.004396 0.955789 0.016389 0.881538 0.00 0.97 0.95 0.91 0.91 0.95 0.82 0.95 0.72 0.82 0.42 0.68 0.00 0.96 0.00 0.00 
69 0.006705 0.938421 0.015555 0.883077 0.00 0.87 0.94 0.91 0.91 0.91 0.85 0.83 0.78 0.72 0.76 1.00 0.00 1.00 0.00 0.00 
70 0.005176 0.945263 0.016369 0.874615 0.00 0.79 0.97 0.92 0.93 0.91 0.87 0.83 0.78 0.60 0.76 0.94 0.00 1.00 0.00 0.00 
71 0.003732 0.961579 0.017730 0.866154 0.00 0.61 0.97 0.94 0.91 0.87 0.86 0.92 0.74 0.78 0.90 0.88 0.00 0.96 0.00 0.00 
72 0.004843 0.951579 0.015816 0.873077 0.00 0.76 0.97 0.91 0.91 0.89 0.79 0.91 0.74 0.68 0.88 0.98 0.00 1.00 0.00 0.00 
73 0.004942 0.946842 0.017187 0.879231 0.00 0.91 0.97 0.94 0.91 0.91 0.83 0.85 0.70 0.70 0.58 0.96 0.00 1.00 0.00 0.00 
74 0.005004 0.951579 0.016056 0.873846 0.00 0.69 0.95 0.93 0.90 0.87 0.79 0.95 0.68 0.86 0.96 0.98 0.00 1.00 0.00 0.00 
75 0.004544 0.958947 0.015753 0.886923 0.00 0.85 0.97 0.89 0.92 0.93 0.85 0.89 0.66 0.82 0.68 0.98 0.00 1.00 0.00 0.00 
76 0.005907 0.945789 0.015285 0.886154 0.00 0.84 0.95 0.93 0.93 0.89 0.84 0.92 0.74 0.70 0.76 0.92 0.00 1.00 0.00 0.00 
77 0.004592 0.950526 0.014475 0.888462 0.00 0.79 0.96 0.88 0.91 0.93 0.85 0.94 0.76 0.76 0.84 0.98 0.00 1.00 0.00 0.00 
78 0.003634 0.957368 0.014966 0.896154 0.00 0.81 0.97 0.92 0.93 0.91 0.85 0.92 0.78 0.84 0.80 0.94 0.00 0.98 0.00 0.00 
79 0.003880 0.962105 0.015002 0.896154 0.00 0.85 0.97 0.93 0.93 0.94 0.85 0.93 0.70 0.66 0.78 0.98 0.00 0.98 0.00 0.00 
80 0.003304 0.962105 0.014960 0.893846 0.00 0.82 0.96 0.94 0.93 0.91 0.85 0.92 0.74 0.70 0.84 0.98 0.00 1.00 0.00 0.00 
81 0.002995 0.968421 0.015296 0.887692 0.00 0.81 0.96 0.93 0.93 0.91 0.81 0.91 0.78 0.70 0.88 0.92 0.00 1.00 0.00 0.00 
82 0.002700 0.970526 0.015710 0.890769 0.00 0.88 0.97 0.93 0.92 0.89 0.84 0.91 0.68 0.72 0.82 0.98 0.00 0.98 0.00 0.00 
83 0.002603 0.973158 0.014397 0.896923 0.00 0.93 0.97 0.94 0.91 0.93 0.83 0.94 0.82 0.64 0.62 0.92 0.00 0.98 0.00 0.00 
84 0.002507 0.974211 0.015198 0.893846 0.00 0.82 0.97 0.93 0.91 0.93 0.83 0.94 0.76 0.74 0.82 0.94 0.00 0.98 0.00 0.00 
85 0.002770 0.970000 0.015444 0.885385 0.00 0.80 0.95 0.93 0.93 0.92 0.84 0.96 0.78 0.64 0.84 0.78 0.00 0.98 0.00 0.00 
86 0.002091 0.978421 0.014754 0.900000 0.00 0.86 0.97 0.92 0.93 0.90 0.83 0.93 0.74 0.84 0.84 0.98 0.00 0.98 0.00 0.00 
87 0.002455 0.980000 0.016387 0.888462 0.00 0.82 0.97 0.93 0.91 0.91 0.83 0.91 0.70 0.78 0.86 0.98 0.00 1.00 0.00 0.00 
88 0.003007 0.971579 0.016172 0.886923 0.00 0.79 0.95 0.93 0.93 0.92 0.84 0.91 0.74 0.70 0.84 0.98 0.00 0.98 0.00 0.00 
89 0.004221 0.963684 0.016906 0.870769 0.00 0.70 0.95 0.94 0.91 0.91 0.80 0.89 0.64 0.88 0.92 0.92 0.00 0.96 0.00 0.00 
90 0.004781 0.950000 0.014508 0.893077 0.00 0.86 0.95 0.91 0.91 0.89 0.87 0.95 0.78 0.70 0.80 0.92 0.00 0.98 0.00 0.00 
91 0.003213 0.967368 0.015112 0.891538 0.00 0.90 0.97 0.92 0.93 0.89 0.85 0.93 0.70 0.74 0.62 0.96 0.00 1.00 0.00 0.00 
92 0.002885 0.972105 0.014817 0.890000 0.00 0.77 0.96 0.93 0.92 0.92 0.83 0.93 0.80 0.82 0.84 0.94 0.00 0.98 0.00 0.00 
93 0.002405 0.973684 0.014827 0.896154 0.00 0.83 0.97 0.91 0.93 0.94 0.87 0.94 0.78 0.66 0.76 0.96 0.00 1.00 0.00 0.00 
94 0.003477 0.967895 0.015120 0.892308 0.00 0.82 0.97 0.93 0.93 0.93 0.84 0.91 0.76 0.70 0.86 0.98 0.00 0.96 0.00 0.00 
95 0.002592 0.972632 0.015591 0.886154 0.00 0.75 0.97 0.91 0.93 0.91 0.84 0.95 0.70 0.78 0.82 0.98 0.00 0.98 0.00 0.00 
96 0.002903 0.969474 0.014550 0.898462 0.00 0.91 0.97 0.91 0.94 0.90 0.83 0.95 0.74 0.78 0.72 0.92 0.00 0.98 0.00 0.00 
97 0.002747 0.974211 0.016098 0.890000 0.00 0.90 0.95 0.88 0.94 0.93 0.85 0.93 0.80 0.70 0.54 0.94 0.00 1.00 0.00 0.00 
98 0.002209 0.978421 0.015012 0.899231 0.00 0.83 0.97 0.92 0.93 0.93 0.86 0.93 0.74 0.78 0.80 0.94 0.00 1.00 0.00 0.00 
99 0.003094 0.968947 0.016127 0.888462 0.00 0.85 0.97 0.93 0.93 0.91 0.83 0.89 0.78 0.64 0.82 0.94 0.00 1.00 0.00 0.00 
100 0.002401 0.976316 0.016924 0.880000 0.00 0.70 0.97 0.93 0.92 0.89 0.85 0.93 0.72 0.74 0.98 0.92 0.00 1.00 0.00 0.00 
101 0.002479 0.971053 0.015598 0.896923 0.00 0.87 0.97 0.89 0.93 0.95 0.87 0.93 0.76 0.66 0.76 0.98 0.00 1.00 0.00 0.00 
102 0.001995 0.976842 0.015733 0.897692 0.00 0.95 0.97 0.92 0.94 0.93 0.84 0.93 0.78 0.70 0.48 0.98 0.00 1.00 0.00 0.00 
103 0.002029 0.978421 0.016803 0.887692 0.00 0.77 0.97 0.91 0.93 0.91 0.82 0.95 0.74 0.82 0.80 0.98 0.00 1.00 0.00 0.00 
104 0.002074 0.978421 0.015721 0.896923 0.00 0.89 0.98 0.92 0.93 0.93 0.85 0.93 0.76 0.72 0.64 0.92 0.00 1.00 0.00 0.00 
105 0.002670 0.972105 0.016010 0.897692 0.00 0.90 0.97 0.94 0.93 0.93 0.85 0.91 0.74 0.72 0.66 0.94 0.00 1.00 0.00 0.00 
106 0.002292 0.976316 0.015208 0.902308 0.00 0.90 0.97 0.92 0.94 0.93 0.84 0.92 0.72 0.78 0.74 0.98 0.00 1.00 0.00 0.00 
107 0.002874 0.970000 0.017359 0.886923 0.00 0.79 0.97 0.91 0.93 0.91 0.83 0.92 0.68 0.82 0.82 0.98 0.00 1.00 0.00 0.00 
108 0.002016 0.976842 0.015992 0.890769 0.00 0.83 0.96 0.91 0.93 0.93 0.84 0.93 0.72 0.68 0.78 0.98 0.00 1.00 0.00 0.00 
109 0.001559 0.985789 0.016971 0.893077 0.00 0.90 0.97 0.91 0.93 0.93 0.85 0.94 0.76 0.66 0.60 0.94 0.00 1.00 0.00 0.00 
110 0.001871 0.982105 0.016722 0.906154 0.00 0.91 0.98 0.93 0.92 0.93 0.82 0.92 0.72 0.86 0.82 0.94 0.00 1.00 0.00 0.00 
111 0.002429 0.979474 0.017249 0.892308 0.00 0.89 0.96 0.91 0.91 0.92 0.79 0.93 0.80 0.80 0.68 0.98 0.00 1.00 0.00 0.00 
112 0.002484 0.973684 0.016561 0.890000 0.00 0.95 0.95 0.90 0.93 0.90 0.84 0.95 0.78 0.74 0.44 0.94 0.00 0.98 0.00 0.00 
113 0.002091 0.976842 0.020241 0.863846 0.00 0.71 0.97 0.91 0.93 0.93 0.86 0.88 0.66 0.54 0.76 0.96 0.00 1.00 0.00 0.00 
114 0.002406 0.976842 0.018800 0.884615 0.00 0.81 0.95 0.91 0.93 0.93 0.84 0.94 0.64 0.66 0.84 0.94 0.00 1.00 0.00 0.00 
115 0.002547 0.974211 0.018773 0.869231 0.00 0.69 0.96 0.91 0.91 0.89 0.79 0.91 0.68 0.84 0.94 0.98 0.00 1.00 0.00 0.00 
116 0.001946 0.978421 0.016247 0.895385 0.00 0.86 0.96 0.91 0.93 0.93 0.83 0.94 0.82 0.72 0.76 0.94 0.00 0.98 0.00 0.00 
117 0.001370 0.985263 0.016564 0.900769 0.00 0.83 0.97 0.93 0.93 0.93 0.83 0.94 0.72 0.76 0.90 0.98 0.00 1.00 0.00 0.00 
118 0.001804 0.979474 0.017333 0.891538 0.00 0.89 0.97 0.91 0.93 0.92 0.81 0.89 0.72 0.82 0.66 0.98 0.00 1.00 0.00 0.00 
119 0.002097 0.980000 0.017602 0.889231 0.00 0.81 0.95 0.91 0.93 0.91 0.85 0.93 0.76 0.68 0.80 0.98 0.00 1.00 0.00 0.00 
120 0.001900 0.982105 0.017030 0.889231 0.00 0.84 0.97 0.90 0.91 0.91 0.82 0.91 0.80 0.70 0.86 0.98 0.00 1.00 0.00 0.00 
121 0.001764 0.983684 0.016988 0.894615 0.00 0.87 0.95 0.91 0.92 0.92 0.82 0.94 0.74 0.72 0.82 0.98 0.00 1.00 0.00 0.00 
122 0.001537 0.985789 0.016834 0.892308 0.00 0.82 0.97 0.90 0.93 0.93 0.82 0.92 0.84 0.76 0.80 0.96 0.00 1.00 0.00 0.00 
123 0.001437 0.984211 0.017335 0.893077 0.00 0.83 0.96 0.91 0.93 0.93 0.83 0.94 0.72 0.76 0.82 0.94 0.00 1.00 0.00 0.00 
124 0.001784 0.982105 0.016850 0.891538 0.00 0.93 0.96 0.91 0.93 0.92 0.82 0.93 0.76 0.66 0.58 0.98 0.00 1.00 0.00 0.00 
125 0.001405 0.988947 0.017177 0.890000 0.00 0.87 0.97 0.91 0.93 0.93 0.83 0.94 0.74 0.66 0.64 0.96 0.00 1.00 0.00 0.00 
126 0.001307 0.987895 0.019214 0.875385 0.00 0.67 0.97 0.92 0.91 0.93 0.81 0.91 0.70 0.78 0.96 0.98 0.00 1.00 0.00 0.00 
127 0.001751 0.984211 0.017160 0.896923 0.00 0.91 0.96 0.91 0.93 0.93 0.83 0.92 0.76 0.76 0.68 0.94 0.00 1.00 0.00 0.00 
128 0.001482 0.983158 0.017433 0.889231 0.00 0.89 0.95 0.93 0.93 0.92 0.83 0.90 0.78 0.60 0.70 0.96 0.00 1.00 0.00 0.00 
129 0.001161 0.988421 0.018358 0.886923 0.00 0.77 0.95 0.93 0.91 0.93 0.82 0.92 0.76 0.74 0.90 0.98 0.00 1.00 0.00 0.00 
130 0.001500 0.984737 0.017464 0.890769 0.00 0.86 0.95 0.93 0.93 0.89 0.83 0.91 0.76 0.70 0.84 0.98 0.00 1.00 0.00 0.00 
131 0.001661 0.985263 0.018115 0.886923 0.00 0.93 0.95 0.91 0.92 0.91 0.82 0.92 0.74 0.74 0.56 0.98 0.00 0.96 0.00 0.00 
132 0.001468 0.984737 0.018221 0.883077 0.00 0.79 0.97 0.90 0.93 0.93 0.82 0.91 0.78 0.70 0.82 0.98 0.00 0.98 0.00 0.00 
133 0.001583 0.984211 0.018140 0.896923 0.00 0.85 0.97 0.91 0.93 0.93 0.80 0.92 0.80 0.78 0.88 0.96 0.00 1.00 0.00 0.00 
134 0.001795 0.983158 0.018043 0.890769 0.00 0.91 0.96 0.91 0.93 0.92 0.85 0.91 0.80 0.62 0.66 0.92 0.00 1.00 0.00 0.00 
135 0.001958 0.985789 0.017920 0.892308 0.00 0.83 0.97 0.93 0.93 0.89 0.83 0.90 0.78 0.74 0.84 0.94 0.00 1.00 0.00 0.00 
136 0.001435 0.982632 0.017780 0.885385 0.00 0.83 0.96 0.92 0.91 0.90 0.85 0.93 0.78 0.62 0.76 0.96 0.00 1.00 0.00 0.00 
137 0.001474 0.984737 0.018165 0.887692 0.00 0.85 0.96 0.91 0.91 0.91 0.85 0.92 0.80 0.62 0.78 0.96 0.00 1.00 0.00 0.00 
138 0.001708 0.982105 0.018136 0.891538 0.00 0.93 0.95 0.91 0.93 0.91 0.83 0.93 0.84 0.64 0.58 0.96 0.00 0.98 0.00 0.00 
139 0.001323 0.987368 0.017496 0.886923 0.00 0.87 0.96 0.92 0.92 0.91 0.84 0.91 0.74 0.66 0.72 0.98 0.00 0.98 0.00 0.00 
140 0.001048 0.993158 0.017966 0.885385 0.00 0.85 0.95 0.92 0.91 0.91 0.82 0.91 0.72 0.72 0.82 0.96 0.00 0.98 0.00 0.00 
141 0.001395 0.986316 0.018044 0.892308 0.00 0.85 0.97 0.93 0.93 0.91 0.83 0.92 0.76 0.66 0.82 0.96 0.00 0.98 0.00 0.00 
142 0.001212 0.988947 0.017731 0.886154 0.00 0.83 0.95 0.92 0.92 0.90 0.83 0.92 0.76 0.68 0.82 0.96 0.00 1.00 0.00 0.00 
143 0.001515 0.983158 0.018395 0.888462 0.00 0.79 0.96 0.92 0.93 0.91 0.85 0.92 0.76 0.72 0.88 0.94 0.00 0.96 0.00 0.00 
144 0.001439 0.986316 0.018003 0.893846 0.00 0.93 0.97 0.93 0.93 0.92 0.85 0.92 0.72 0.66 0.56 0.98 0.00 1.00 0.00 0.00 
145 0.001123 0.991053 0.017078 0.899231 0.00 0.88 0.95 0.93 0.93 0.91 0.83 0.92 0.78 0.74 0.82 0.98 0.00 1.00 0.00 0.00 
146 0.001036 0.989474 0.017025 0.903077 0.00 0.90 0.96 0.93 0.93 0.93 0.84 0.93 0.78 0.70 0.80 0.94 0.00 1.00 0.00 0.00 
147 0.000956 0.988947 0.016997 0.894615 0.00 0.87 0.96 0.93 0.91 0.90 0.84 0.91 0.76 0.70 0.86 0.98 0.00 1.00 0.00 0.00 
148 0.001167 0.987368 0.017913 0.893846 0.00 0.86 0.96 0.93 0.92 0.91 0.80 0.93 0.74 0.74 0.86 0.98 0.00 0.98 0.00 0.00 
149 0.001347 0.988421 0.019391 0.894615 0.00 0.83 0.97 0.93 0.90 0.91 0.83 0.93 0.74 0.76 0.86 0.98 0.00 1.00 0.00 0.00 
150 0.001614 0.984211 0.019799 0.886154 0.00 0.78 0.95 0.90 0.93 0.91 0.83 0.91 0.72 0.84 0.90 0.96 0.00 0.98 0.00 0.00 
151 0.001448 0.984211 0.019606 0.893846 0.00 0.87 0.93 0.92 0.93 0.91 0.83 0.92 0.80 0.78 0.78 0.96 0.00 1.00 0.00 0.00 
152 0.001187 0.988947 0.018087 0.890000 0.00 0.85 0.97 0.92 0.91 0.91 0.81 0.92 0.72 0.78 0.84 0.96 0.00 0.98 0.00 0.00 
153 0.001341 0.985263 0.019097 0.887692 0.00 0.83 0.96 0.94 0.91 0.89 0.82 0.89 0.80 0.74 0.84 0.98 0.00 1.00 0.00 0.00 
154 0.001103 0.987368 0.018232 0.890769 0.00 0.89 0.96 0.93 0.93 0.91 0.83 0.90 0.80 0.70 0.66 0.94 0.00 1.00 0.00 0.00 
155 0.001366 0.987368 0.018728 0.891538 0.00 0.82 0.97 0.94 0.92 0.89 0.81 0.89 0.80 0.86 0.84 0.98 0.00 0.98 0.00 0.00 
156 0.000981 0.990526 0.018009 0.894615 0.00 0.85 0.95 0.92 0.93 0.91 0.83 0.91 0.82 0.76 0.80 0.98 0.00 1.00 0.00 0.00 
157 0.001096 0.990000 0.018869 0.894615 0.00 0.92 0.97 0.90 0.93 0.91 0.83 0.92 0.86 0.68 0.66 0.92 0.00 1.00 0.00 0.00 
158 0.001261 0.988947 0.018587 0.890769 0.00 0.92 0.95 0.91 0.92 0.89 0.83 0.91 0.76 0.78 0.62 0.98 0.00 1.00 0.00 0.00 
159 0.001605 0.983158 0.018696 0.889231 0.00 0.91 0.96 0.90 0.93 0.89 0.84 0.93 0.76 0.68 0.64 0.96 0.00 0.98 0.00 0.00 
160 0.000808 0.991053 0.018746 0.886154 0.00 0.81 0.95 0.93 0.92 0.91 0.83 0.92 0.72 0.74 0.80 0.98 0.00 0.98 0.00 0.00 
161 0.001472 0.990526 0.018483 0.893077 0.00 0.91 0.97 0.92 0.93 0.92 0.83 0.94 0.70 0.70 0.70 0.92 0.00 0.98 0.00 0.00 
162 0.001053 0.988421 0.019090 0.886154 0.00 0.85 0.95 0.92 0.93 0.89 0.82 0.89 0.80 0.66 0.84 0.96 0.00 1.00 0.00 0.00 
163 0.000952 0.991579 0.018619 0.893846 0.00 0.89 0.95 0.92 0.92 0.91 0.82 0.94 0.76 0.70 0.76 0.96 0.00 1.00 0.00 0.00 
164 0.000905 0.991053 0.017932 0.887692 0.00 0.86 0.97 0.91 0.93 0.91 0.83 0.92 0.76 0.72 0.68 0.94 0.00 1.00 0.00 0.00 
165 0.001180 0.987368 0.019225 0.885385 0.00 0.85 0.95 0.91 0.92 0.91 0.82 0.91 0.80 0.70 0.74 0.96 0.00 1.00 0.00 0.00 
166 0.001021 0.990526 0.018148 0.896923 0.00 0.87 0.95 0.93 0.93 0.93 0.85 0.92 0.78 0.74 0.74 0.94 0.00 1.00 0.00 0.00 
167 0.000992 0.988947 0.018080 0.893077 0.00 0.87 0.95 0.93 0.92 0.92 0.85 0.93 0.74 0.70 0.74 0.96 0.00 1.00 0.00 0.00 
168 0.001075 0.988947 0.019136 0.892308 0.00 0.88 0.95 0.93 0.91 0.91 0.83 0.92 0.76 0.72 0.74 0.98 0.00 1.00 0.00 0.00 
169 0.001081 0.988421 0.018548 0.889231 0.00 0.83 0.96 0.92 0.93 0.90 0.84 0.93 0.76 0.70 0.78 0.96 0.00 1.00 0.00 0.00 
170 0.001367 0.985789 0.018126 0.890769 0.00 0.85 0.97 0.91 0.93 0.91 0.84 0.93 0.72 0.74 0.78 0.94 0.00 1.00 0.00 0.00 
171 0.000879 0.988421 0.019181 0.887692 0.00 0.87 0.97 0.92 0.92 0.90 0.83 0.93 0.72 0.66 0.72 0.98 0.00 1.00 0.00 0.00 
172 0.000841 0.991579 0.019045 0.886923 0.00 0.85 0.95 0.93 0.93 0.89 0.83 0.91 0.76 0.70 0.76 0.94 0.00 1.00 0.00 0.00 
173 0.000928 0.988947 0.018591 0.891538 0.00 0.92 0.95 0.91 0.93 0.92 0.83 0.94 0.76 0.68 0.62 0.94 0.00 1.00 0.00 0.00 
174 0.000754 0.993684 0.018617 0.891538 0.00 0.89 0.96 0.92 0.93 0.91 0.84 0.91 0.78 0.72 0.66 0.94 0.00 1.00 0.00 0.00 
175 0.000927 0.989474 0.019417 0.883846 0.00 0.79 0.97 0.92 0.91 0.89 0.83 0.92 0.76 0.66 0.92 0.96 0.00 1.00 0.00 0.00 
176 0.000992 0.988947 0.019290 0.883077 0.00 0.86 0.95 0.89 0.93 0.89 0.81 0.91 0.78 0.72 0.80 0.92 0.00 1.00 0.00 0.00 
177 0.000811 0.993684 0.019189 0.886154 0.00 0.85 0.97 0.91 0.93 0.91 0.82 0.91 0.72 0.68 0.78 0.96 0.00 1.00 0.00 0.00 
178 0.000952 0.992632 0.019321 0.890769 0.00 0.87 0.97 0.92 0.93 0.89 0.83 0.91 0.78 0.74 0.74 0.92 0.00 1.00 0.00 0.00 
179 0.001051 0.990000 0.018858 0.886923 0.00 0.86 0.95 0.91 0.93 0.92 0.84 0.91 0.78 0.66 0.76 0.92 0.00 1.00 0.00 0.00 
180 0.000959 0.991579 0.018760 0.897692 0.00 0.91 0.95 0.91 0.93 0.90 0.84 0.92 0.78 0.76 0.76 0.96 0.00 0.98 0.00 0.00 
181 0.000825 0.993684 0.020007 0.889231 0.00 0.83 0.94 0.92 0.92 0.90 0.82 0.92 0.80 0.74 0.86 0.98 0.00 1.00 0.00 0.00 
182 0.000885 0.989474 0.019066 0.891538 0.00 0.87 0.95 0.91 0.93 0.90 0.85 0.91 0.78 0.72 0.74 0.96 0.00 1.00 0.00 0.00 
183 0.000954 0.991579 0.019137 0.888462 0.00 0.89 0.95 0.91 0.93 0.90 0.84 0.93 0.76 0.70 0.60 0.96 0.00 1.00 0.00 0.00 
184 0.001075 0.988947 0.019387 0.890000 0.00 0.85 0.97 0.91 0.93 0.93 0.84 0.91 0.72 0.64 0.82 0.94 0.00 1.00 0.00 0.00 
185 0.000961 0.991053 0.020057 0.882308 0.00 0.91 0.95 0.91 0.92 0.90 0.82 0.89 0.76 0.68 0.66 0.96 0.00 1.00 0.00 0.00 
186 0.000931 0.992105 0.019792 0.887692 0.00 0.89 0.95 0.91 0.91 0.91 0.83 0.91 0.76 0.70 0.74 0.96 0.00 1.00 0.00 0.00 
187 0.000824 0.990000 0.019424 0.883077 0.00 0.84 0.95 0.91 0.93 0.90 0.83 0.91 0.76 0.64 0.76 0.98 0.00 1.00 0.00 0.00 
188 0.000856 0.990000 0.020197 0.885385 0.00 0.91 0.94 0.89 0.93 0.92 0.82 0.91 0.76 0.66 0.70 0.92 0.00 1.00 0.00 0.00 
189 0.001425 0.989474 0.018916 0.888462 0.00 0.89 0.97 0.91 0.93 0.88 0.81 0.91 0.76 0.72 0.76 0.98 0.00 1.00 0.00 0.00 
190 0.001053 0.989474 0.018726 0.890769 0.00 0.87 0.96 0.91 0.92 0.93 0.84 0.92 0.76 0.66 0.68 0.98 0.00 1.00 0.00 0.00 
191 0.000907 0.989474 0.019087 0.883846 0.00 0.77 0.95 0.92 0.93 0.90 0.83 0.93 0.80 0.68 0.86 0.94 0.00 1.00 0.00 0.00 
192 0.000705 0.991579 0.018897 0.888462 0.00 0.84 0.94 0.93 0.93 0.92 0.83 0.92 0.80 0.68 0.74 0.96 0.00 1.00 0.00 0.00 
193 0.000955 0.990000 0.019271 0.889231 0.00 0.83 0.95 0.92 0.93 0.91 0.82 0.89 0.80 0.70 0.90 0.98 0.00 1.00 0.00 0.00 
194 0.000805 0.991579 0.018768 0.893077 0.00 0.88 0.95 0.91 0.93 0.93 0.83 0.93 0.78 0.70 0.76 0.94 0.00 1.00 0.00 0.00 
195 0.000839 0.989474 0.018765 0.893077 0.00 0.89 0.95 0.92 0.93 0.93 0.81 0.92 0.78 0.74 0.70 0.94 0.00 1.00 0.00 0.00 
196 0.000893 0.991053 0.018207 0.893077 0.00 0.87 0.95 0.91 0.93 0.93 0.83 0.91 0.80 0.70 0.74 0.98 0.00 0.98 0.00 0.00 
197 0.001431 0.993684 0.019142 0.898462 0.00 0.89 0.97 0.91 0.93 0.91 0.81 0.91 0.76 0.82 0.84 0.98 0.00 1.00 0.00 0.00 
198 0.001131 0.987895 0.018802 0.886923 0.00 0.81 0.97 0.91 0.93 0.89 0.84 0.91 0.76 0.70 0.82 0.98 0.00 0.98 0.00 0.00 
199 0.001504 0.990000 0.018589 0.892308 0.00 0.84 0.96 0.91 0.93 0.90 0.84 0.93 0.78 0.76 0.80 0.96 0.00 0.98 0.00 0.00 
