Epoch Train_Loss Train_Accuracy Test_Loss Test_Accuracy
0 0.066411 0.137794 0.013211 0.115385 0.00 0.01 0.00 0.95 0.00 0.00 0.01 0.00 0.00 0.03 0.03 0.00 0.00 0.00 0.00 0.00 
1 0.003810 0.237976 415033.750000 0.391982 0.00 0.09 0.78 0.54 0.36 0.86 0.10 0.66 0.00 0.00 0.00 0.00 0.00 0.00 0.00 0.00 
2 0.002934 0.331883 0.002246 0.473876 0.00 0.37 0.73 0.43 0.73 0.78 0.29 0.73 0.03 0.00 0.09 0.00 0.00 0.00 0.00 0.00 
3 0.002726 0.381680 0.002405 0.469615 0.00 0.38 0.82 0.77 0.52 0.89 0.00 0.40 0.01 0.00 0.00 0.21 0.00 0.68 0.00 0.00 
4 0.002692 0.414130 0.002053 0.540680 0.00 0.34 0.46 0.62 0.75 0.90 0.47 0.55 0.12 0.00 0.32 0.46 0.00 0.92 0.00 0.00 
5 0.002582 0.461660 0.002389 0.503166 0.00 0.43 0.40 0.62 0.63 0.76 0.47 0.78 0.09 0.00 0.04 0.47 0.00 0.21 0.00 0.00 
6 0.002497 0.481700 0.001885 0.608195 0.00 0.57 0.95 0.75 0.79 0.89 0.58 0.49 0.07 0.00 0.00 0.09 0.00 0.61 0.00 0.00 
7 0.002396 0.498927 0.001815 0.616450 0.00 0.47 0.93 0.81 0.78 0.54 0.62 0.72 0.19 0.55 0.06 0.05 0.00 0.55 0.00 0.00 
8 0.002338 0.510425 0.001788 0.619882 0.00 0.50 0.77 0.70 0.84 0.93 0.55 0.70 0.21 0.01 0.05 0.08 0.00 0.81 0.00 0.00 
9 0.002264 0.526984 0.001769 0.628905 0.00 0.46 0.95 0.75 0.71 0.82 0.60 0.57 0.16 0.44 0.10 0.23 0.00 0.84 0.00 0.00 
10 0.002183 0.543907 0.001584 0.661272 0.00 0.68 0.94 0.79 0.72 0.83 0.71 0.64 0.23 0.01 0.00 0.18 0.00 0.86 0.00 0.00 
11 0.002138 0.548826 0.001503 0.685355 0.00 0.62 0.87 0.76 0.83 0.87 0.58 0.79 0.48 0.26 0.06 0.35 0.00 0.66 0.00 0.00 
12 0.002093 0.562045 0.001532 0.667367 0.00 0.57 0.94 0.76 0.84 0.56 0.68 0.70 0.27 0.65 0.02 0.58 0.00 0.68 0.00 0.00 
13 0.002026 0.576417 0.001462 0.711243 0.00 0.71 0.84 0.80 0.86 0.78 0.60 0.72 0.45 0.62 0.10 0.62 0.00 0.80 0.00 0.00 
14 0.002024 0.582024 0.001446 0.699645 0.00 0.65 0.88 0.79 0.82 0.86 0.56 0.75 0.37 0.14 0.30 0.52 0.00 0.90 0.00 0.00 
15 0.001966 0.595445 0.001445 0.712811 0.00 0.54 0.89 0.75 0.87 0.86 0.60 0.71 0.48 0.43 0.32 0.79 0.00 0.86 0.00 0.00 
16 0.001970 0.599190 0.001346 0.720385 0.00 0.65 0.91 0.80 0.84 0.87 0.65 0.72 0.47 0.18 0.45 0.47 0.00 0.83 0.00 0.00 
17 0.001933 0.606215 0.001357 0.727988 0.00 0.74 0.93 0.80 0.82 0.82 0.74 0.71 0.51 0.37 0.00 0.52 0.00 0.84 0.00 0.00 
18 0.001886 0.618320 0.001492 0.691746 0.00 0.66 0.72 0.84 0.78 0.85 0.61 0.52 0.64 0.35 0.20 0.92 0.00 0.90 0.00 0.00 
19 0.001875 0.619474 0.001456 0.709615 0.00 0.57 0.92 0.67 0.83 0.85 0.63 0.79 0.43 0.43 0.45 0.60 0.00 0.74 0.00 0.00 
20 0.001889 0.622611 0.001418 0.722071 0.00 0.51 0.93 0.84 0.75 0.80 0.67 0.85 0.43 0.44 0.48 0.67 0.00 0.65 0.00 0.00 
21 0.001839 0.630870 0.001367 0.714142 0.00 0.65 0.94 0.85 0.84 0.52 0.70 0.73 0.44 0.66 0.32 0.71 0.00 0.75 0.00 0.00 
22 0.001834 0.631134 0.001336 0.725947 0.00 0.74 0.94 0.83 0.83 0.92 0.57 0.82 0.38 0.27 0.07 0.46 0.00 0.73 0.00 0.00 
23 0.001858 0.630931 0.001370 0.703698 0.00 0.23 0.88 0.77 0.85 0.77 0.59 0.81 0.48 0.66 0.82 0.70 0.00 0.90 0.00 0.00 
24 0.001803 0.640283 0.001332 0.743136 0.00 0.72 0.89 0.80 0.85 0.84 0.70 0.86 0.54 0.29 0.25 0.50 0.00 0.78 0.00 0.00 
25 0.001806 0.638806 0.001337 0.747367 0.00 0.60 0.90 0.87 0.85 0.87 0.58 0.72 0.43 0.58 0.46 0.86 0.00 0.93 0.00 0.00 
26 0.001790 0.645061 0.001291 0.749053 0.00 0.67 0.87 0.83 0.83 0.62 0.72 0.86 0.47 0.65 0.45 0.88 0.00 0.82 0.00 0.00 
27 0.001788 0.647571 0.001293 0.749290 0.00 0.62 0.90 0.88 0.80 0.87 0.65 0.91 0.34 0.52 0.47 0.65 0.00 0.65 0.00 0.00 
28 0.001773 0.650283 0.001327 0.761183 0.00 0.65 0.89 0.87 0.76 0.76 0.69 0.89 0.55 0.69 0.49 0.76 0.00 0.78 0.00 0.00 
29 0.001746 0.657794 0.001358 0.741805 0.00 0.61 0.91 0.80 0.85 0.92 0.59 0.84 0.38 0.37 0.41 0.67 0.00 0.90 0.00 0.00 
30 0.001733 0.659008 0.001352 0.753491 0.00 0.69 0.86 0.86 0.81 0.69 0.77 0.78 0.54 0.60 0.29 0.92 0.00 0.87 0.00 0.00 
31 0.001735 0.661923 0.001218 0.768018 0.00 0.77 0.85 0.83 0.82 0.90 0.67 0.89 0.54 0.39 0.14 0.81 0.00 0.89 0.00 0.00 
32 0.001740 0.661781 0.001322 0.730325 0.00 0.45 0.94 0.86 0.82 0.63 0.63 0.79 0.51 0.71 0.73 0.83 0.00 0.86 0.00 0.00 
33 0.001721 0.665729 0.001246 0.762160 0.00 0.76 0.85 0.83 0.84 0.86 0.60 0.89 0.44 0.59 0.21 0.81 0.00 0.86 0.00 0.00 
34 0.001698 0.667632 0.001240 0.758166 0.00 0.56 0.85 0.88 0.86 0.83 0.61 0.86 0.48 0.62 0.62 0.81 0.00 0.81 0.00 0.00 
35 0.001700 0.667632 0.001373 0.747308 0.00 0.69 0.91 0.89 0.85 0.90 0.63 0.71 0.34 0.30 0.47 0.76 0.00 0.85 0.00 0.00 
36 0.001689 0.673158 0.001225 0.774852 0.00 0.67 0.94 0.85 0.79 0.82 0.71 0.81 0.62 0.68 0.43 0.78 0.00 0.82 0.00 0.00 
37 0.001679 0.672935 0.001227 0.767278 0.00 0.59 0.91 0.84 0.84 0.87 0.64 0.89 0.55 0.47 0.60 0.79 0.00 0.79 0.00 0.00 
38 0.001708 0.671579 0.001256 0.770976 0.00 0.66 0.89 0.83 0.81 0.81 0.73 0.94 0.62 0.55 0.45 0.73 0.00 0.69 0.00 0.00 
39 0.001684 0.675445 0.001272 0.766716 0.00 0.63 0.91 0.84 0.87 0.82 0.70 0.84 0.49 0.55 0.57 0.79 0.00 0.72 0.00 0.00 
40 0.001365 0.711761 0.001043 0.795385 0.00 0.73 0.92 0.85 0.82 0.80 0.73 0.89 0.62 0.55 0.57 0.85 0.00 0.85 0.00 0.00 
41 0.001318 0.717348 0.001046 0.786479 0.00 0.85 0.85 0.85 0.82 0.73 0.72 0.87 0.64 0.70 0.26 0.87 0.00 0.89 0.00 0.00 
42 0.001321 0.717045 0.001056 0.782544 0.00 0.86 0.89 0.81 0.85 0.90 0.69 0.76 0.63 0.49 0.08 0.92 0.00 0.95 0.00 0.00 
43 0.001316 0.718482 0.001025 0.792751 0.00 0.73 0.87 0.82 0.83 0.82 0.75 0.86 0.68 0.54 0.54 0.88 0.00 0.90 0.00 0.00 
44 0.001304 0.721559 0.001032 0.792012 0.00 0.70 0.87 0.87 0.81 0.84 0.68 0.90 0.64 0.67 0.51 0.89 0.00 0.87 0.00 0.00 
45 0.001298 0.722773 0.001067 0.783107 0.00 0.61 0.88 0.81 0.85 0.79 0.74 0.87 0.67 0.59 0.70 0.91 0.00 0.90 0.00 0.00 
46 0.001295 0.722571 0.001039 0.791509 0.00 0.72 0.92 0.77 0.84 0.84 0.77 0.90 0.64 0.53 0.39 0.82 0.00 0.88 0.00 0.00 
47 0.001289 0.723340 0.001061 0.793077 0.00 0.77 0.89 0.91 0.83 0.79 0.70 0.87 0.61 0.64 0.36 0.87 0.00 0.87 0.00 0.00 
48 0.001281 0.725668 0.001053 0.792604 0.00 0.71 0.91 0.83 0.82 0.90 0.66 0.87 0.61 0.49 0.64 0.85 0.00 0.90 0.00 0.00 
49 0.001273 0.727935 0.001012 0.802515 0.00 0.72 0.90 0.87 0.84 0.86 0.66 0.91 0.65 0.57 0.59 0.86 0.00 0.86 0.00 0.00 
50 0.001270 0.726275 0.001053 0.790237 0.00 0.74 0.82 0.87 0.83 0.86 0.67 0.88 0.63 0.62 0.54 0.86 0.00 0.91 0.00 0.00 
51 0.001260 0.730425 0.001037 0.793314 0.00 0.74 0.91 0.87 0.84 0.84 0.71 0.88 0.51 0.66 0.47 0.79 0.00 0.86 0.00 0.00 
52 0.001256 0.728826 0.000971 0.800148 0.00 0.71 0.90 0.83 0.85 0.87 0.74 0.87 0.71 0.55 0.51 0.85 0.00 0.91 0.00 0.00 
53 0.001257 0.728684 0.001017 0.795030 0.00 0.67 0.92 0.87 0.82 0.75 0.74 0.89 0.63 0.71 0.63 0.84 0.00 0.87 0.00 0.00 
54 0.001249 0.731296 0.001037 0.789408 0.00 0.75 0.88 0.89 0.83 0.85 0.67 0.91 0.49 0.61 0.41 0.86 0.00 0.83 0.00 0.00 
55 0.001253 0.736397 0.001097 0.790651 0.00 0.68 0.85 0.84 0.82 0.81 0.69 0.90 0.64 0.68 0.65 0.92 0.00 0.90 0.00 0.00 
56 0.001238 0.735344 0.001033 0.791509 0.00 0.81 0.87 0.88 0.84 0.77 0.74 0.84 0.49 0.69 0.34 0.89 0.00 0.90 0.00 0.00 
57 0.001249 0.734190 0.001049 0.795562 0.00 0.72 0.93 0.84 0.80 0.77 0.74 0.86 0.64 0.71 0.62 0.86 0.00 0.91 0.00 0.00 
58 0.001224 0.739089 0.001066 0.786627 0.00 0.61 0.92 0.88 0.83 0.80 0.66 0.86 0.59 0.72 0.72 0.86 0.00 0.84 0.00 0.00 
59 0.001221 0.739352 0.001035 0.794822 0.00 0.60 0.93 0.86 0.83 0.86 0.69 0.89 0.60 0.62 0.75 0.88 0.00 0.84 0.00 0.00 
60 0.001245 0.735405 0.001034 0.794556 0.00 0.70 0.88 0.84 0.86 0.80 0.73 0.86 0.63 0.67 0.56 0.90 0.00 0.90 0.00 0.00 
61 0.001219 0.738441 0.001018 0.798876 0.00 0.69 0.87 0.86 0.84 0.87 0.69 0.92 0.68 0.48 0.68 0.85 0.00 0.88 0.00 0.00 
62 0.001220 0.739413 0.001047 0.798550 0.00 0.64 0.92 0.82 0.85 0.88 0.70 0.88 0.58 0.58 0.70 0.86 0.00 0.91 0.00 0.00 
63 0.001227 0.738502 0.001036 0.801982 0.00 0.78 0.88 0.88 0.84 0.86 0.68 0.90 0.60 0.62 0.43 0.90 0.00 0.83 0.00 0.00 
64 0.001206 0.744332 0.000995 0.804615 0.00 0.82 0.88 0.85 0.84 0.87 0.75 0.89 0.59 0.53 0.34 0.86 0.00 0.90 0.00 0.00 
65 0.001221 0.740101 0.001019 0.798609 0.00 0.75 0.86 0.86 0.83 0.85 0.72 0.86 0.64 0.57 0.55 0.88 0.00 0.92 0.00 0.00 
66 0.001200 0.742834 0.001019 0.797071 0.00 0.72 0.89 0.86 0.84 0.79 0.71 0.87 0.61 0.72 0.55 0.89 0.00 0.89 0.00 0.00 
67 0.001201 0.742874 0.001073 0.790325 0.00 0.66 0.92 0.78 0.82 0.85 0.71 0.84 0.64 0.62 0.74 0.90 0.00 0.92 0.00 0.00 
68 0.001211 0.743623 0.001035 0.803935 0.00 0.67 0.91 0.84 0.83 0.81 0.76 0.91 0.62 0.68 0.62 0.87 0.00 0.89 0.00 0.00 
69 0.001188 0.747713 0.001046 0.801154 0.00 0.77 0.88 0.88 0.81 0.81 0.75 0.85 0.65 0.59 0.51 0.90 0.00 0.93 0.00 0.00 
70 0.001189 0.746964 0.001043 0.798195 0.00 0.75 0.90 0.85 0.82 0.84 0.69 0.85 0.69 0.62 0.51 0.92 0.00 0.87 0.00 0.00 
71 0.001206 0.745223 0.001110 0.786746 0.00 0.75 0.87 0.88 0.80 0.90 0.59 0.93 0.46 0.62 0.48 0.86 0.00 0.84 0.00 0.00 
72 0.001183 0.748968 0.001033 0.804290 0.00 0.74 0.93 0.87 0.81 0.81 0.76 0.91 0.63 0.60 0.58 0.83 0.00 0.80 0.00 0.00 
73 0.001196 0.745202 0.001098 0.793314 0.00 0.73 0.94 0.87 0.81 0.79 0.75 0.85 0.46 0.68 0.50 0.89 0.00 0.87 0.00 0.00 
74 0.001186 0.747389 0.001024 0.800828 0.00 0.76 0.90 0.87 0.84 0.81 0.68 0.87 0.61 0.64 0.56 0.90 0.00 0.89 0.00 0.00 
75 0.001192 0.746296 0.001004 0.803284 0.00 0.79 0.92 0.86 0.81 0.83 0.68 0.86 0.64 0.69 0.49 0.90 0.00 0.90 0.00 0.00 
76 0.001198 0.746640 0.001034 0.801302 0.00 0.78 0.89 0.84 0.83 0.79 0.70 0.88 0.66 0.65 0.57 0.91 0.00 0.88 0.00 0.00 
77 0.001181 0.749595 0.001013 0.803107 0.00 0.72 0.92 0.87 0.80 0.81 0.75 0.85 0.64 0.68 0.65 0.88 0.00 0.84 0.00 0.00 
78 0.001178 0.749656 0.000997 0.811686 0.00 0.76 0.91 0.84 0.84 0.87 0.75 0.89 0.67 0.57 0.52 0.90 0.00 0.87 0.00 0.00 
79 0.001183 0.751923 0.001048 0.796154 0.00 0.75 0.88 0.87 0.83 0.76 0.69 0.88 0.59 0.76 0.59 0.90 0.00 0.86 0.00 0.00 
80 0.001029 0.771964 0.000916 0.815089 0.00 0.73 0.91 0.88 0.84 0.88 0.71 0.90 0.61 0.62 0.62 0.85 0.00 0.90 0.00 0.00 
81 0.001021 0.772267 0.000951 0.809201 0.00 0.71 0.93 0.85 0.83 0.80 0.75 0.88 0.64 0.73 0.67 0.87 0.00 0.90 0.00 0.00 
82 0.001002 0.775466 0.000957 0.810503 0.00 0.78 0.86 0.87 0.81 0.85 0.73 0.91 0.65 0.65 0.53 0.91 0.00 0.91 0.00 0.00 
83 0.001000 0.773947 0.000948 0.808846 0.00 0.76 0.92 0.86 0.83 0.85 0.70 0.91 0.65 0.67 0.54 0.86 0.00 0.86 0.00 0.00 
84 0.000993 0.776700 0.000917 0.816391 0.00 0.75 0.91 0.81 0.85 0.87 0.76 0.91 0.67 0.56 0.62 0.86 0.00 0.90 0.00 0.00 
85 0.000980 0.779291 0.000971 0.807337 0.00 0.72 0.88 0.86 0.81 0.89 0.69 0.94 0.64 0.62 0.62 0.88 0.00 0.85 0.00 0.00 
86 0.001002 0.774332 0.000936 0.805533 0.00 0.74 0.85 0.87 0.84 0.84 0.71 0.90 0.65 0.63 0.62 0.87 0.00 0.91 0.00 0.00 
87 0.000986 0.775729 0.000949 0.812219 0.00 0.72 0.92 0.86 0.82 0.84 0.75 0.88 0.65 0.63 0.66 0.89 0.00 0.92 0.00 0.00 
88 0.000979 0.776498 0.000944 0.808047 0.00 0.69 0.88 0.88 0.85 0.86 0.71 0.91 0.62 0.64 0.68 0.85 0.00 0.90 0.00 0.00 
89 0.000994 0.776255 0.000963 0.813639 0.00 0.77 0.91 0.85 0.83 0.86 0.72 0.93 0.62 0.65 0.59 0.87 0.00 0.85 0.00 0.00 
90 0.000978 0.778745 0.000945 0.812899 0.00 0.77 0.92 0.86 0.82 0.85 0.75 0.90 0.67 0.49 0.62 0.86 0.00 0.89 0.00 0.00 
91 0.000968 0.782773 0.000919 0.810621 0.00 0.77 0.91 0.87 0.83 0.81 0.72 0.87 0.65 0.69 0.60 0.89 0.00 0.89 0.00 0.00 
92 0.000969 0.780344 0.000940 0.809941 0.00 0.70 0.90 0.86 0.85 0.85 0.73 0.87 0.62 0.68 0.69 0.91 0.00 0.92 0.00 0.00 
93 0.000974 0.779798 0.000939 0.812959 0.00 0.73 0.89 0.85 0.84 0.87 0.74 0.89 0.66 0.61 0.59 0.90 0.00 0.91 0.00 0.00 
94 0.000974 0.782368 0.000960 0.805888 0.00 0.75 0.88 0.85 0.84 0.90 0.71 0.88 0.58 0.51 0.64 0.90 0.00 0.91 0.00 0.00 
95 0.000974 0.780789 0.000998 0.804231 0.00 0.63 0.91 0.87 0.81 0.84 0.72 0.89 0.65 0.71 0.74 0.89 0.00 0.91 0.00 0.00 
96 0.000960 0.781862 0.000948 0.808343 0.00 0.66 0.93 0.88 0.83 0.81 0.74 0.90 0.61 0.70 0.73 0.88 0.00 0.86 0.00 0.00 
97 0.000955 0.783725 0.000967 0.804024 0.00 0.66 0.91 0.82 0.85 0.86 0.70 0.91 0.63 0.67 0.71 0.86 0.00 0.89 0.00 0.00 
98 0.000951 0.786073 0.000948 0.815089 0.00 0.73 0.91 0.87 0.82 0.81 0.76 0.92 0.68 0.70 0.64 0.89 0.00 0.87 0.00 0.00 
99 0.000949 0.784453 0.000952 0.804675 0.00 0.63 0.89 0.84 0.86 0.84 0.73 0.93 0.63 0.65 0.77 0.85 0.00 0.86 0.00 0.00 
100 0.000953 0.783826 0.000911 0.815917 0.00 0.70 0.93 0.87 0.85 0.87 0.75 0.88 0.63 0.64 0.66 0.89 0.00 0.90 0.00 0.00 
101 0.000950 0.789271 0.000948 0.810059 0.00 0.78 0.88 0.87 0.83 0.83 0.71 0.88 0.67 0.68 0.57 0.90 0.00 0.91 0.00 0.00 
102 0.000948 0.786174 0.000943 0.809024 0.00 0.66 0.92 0.86 0.83 0.85 0.74 0.91 0.63 0.64 0.74 0.82 0.00 0.88 0.00 0.00 
103 0.000945 0.786640 0.000928 0.816361 0.00 0.73 0.91 0.86 0.84 0.84 0.75 0.91 0.67 0.62 0.65 0.86 0.00 0.89 0.00 0.00 
104 0.000940 0.786397 0.000945 0.808550 0.00 0.74 0.85 0.85 0.82 0.86 0.74 0.91 0.71 0.61 0.63 0.88 0.00 0.89 0.00 0.00 
105 0.000937 0.790445 0.000967 0.809408 0.00 0.77 0.87 0.87 0.81 0.85 0.70 0.90 0.67 0.66 0.64 0.89 0.00 0.89 0.00 0.00 
106 0.000930 0.790283 0.000971 0.817456 0.00 0.77 0.92 0.87 0.82 0.83 0.75 0.93 0.61 0.67 0.59 0.88 0.00 0.85 0.00 0.00 
107 0.000945 0.787166 0.000960 0.810858 0.00 0.75 0.90 0.84 0.84 0.87 0.69 0.91 0.70 0.61 0.60 0.88 0.00 0.90 0.00 0.00 
108 0.000937 0.788968 0.000934 0.819112 0.00 0.76 0.93 0.88 0.84 0.88 0.73 0.89 0.63 0.60 0.57 0.87 0.00 0.90 0.00 0.00 
109 0.000940 0.789919 0.000981 0.805503 0.00 0.61 0.93 0.84 0.83 0.89 0.71 0.90 0.64 0.62 0.75 0.88 0.00 0.89 0.00 0.00 
110 0.000937 0.789656 0.000964 0.806716 0.00 0.63 0.92 0.88 0.83 0.81 0.72 0.92 0.67 0.70 0.75 0.86 0.00 0.85 0.00 0.00 
111 0.000927 0.792530 0.000935 0.810030 0.00 0.79 0.85 0.88 0.80 0.86 0.73 0.91 0.67 0.62 0.55 0.87 0.00 0.88 0.00 0.00 
112 0.000932 0.790081 0.000941 0.810266 0.00 0.74 0.92 0.87 0.82 0.86 0.69 0.87 0.64 0.66 0.63 0.90 0.00 0.92 0.00 0.00 
113 0.000923 0.793300 0.000957 0.809320 0.00 0.70 0.89 0.87 0.81 0.85 0.73 0.90 0.69 0.63 0.68 0.88 0.00 0.91 0.00 0.00 
114 0.000923 0.790486 0.000922 0.815030 0.00 0.75 0.93 0.87 0.81 0.85 0.74 0.89 0.66 0.68 0.53 0.89 0.00 0.88 0.00 0.00 
115 0.000929 0.790142 0.000952 0.808254 0.00 0.75 0.89 0.86 0.82 0.85 0.71 0.86 0.69 0.63 0.63 0.93 0.00 0.92 0.00 0.00 
116 0.000927 0.792490 0.000951 0.811746 0.00 0.72 0.88 0.88 0.83 0.85 0.72 0.89 0.66 0.63 0.66 0.90 0.00 0.92 0.00 0.00 
117 0.000919 0.794798 0.000955 0.809083 0.00 0.70 0.93 0.84 0.83 0.83 0.74 0.87 0.65 0.65 0.73 0.91 0.00 0.89 0.00 0.00 
118 0.000920 0.793138 0.000962 0.811627 0.00 0.67 0.92 0.85 0.84 0.87 0.75 0.91 0.67 0.49 0.73 0.88 0.00 0.91 0.00 0.00 
119 0.000911 0.798259 0.000980 0.808728 0.00 0.67 0.90 0.85 0.82 0.85 0.75 0.87 0.67 0.68 0.70 0.92 0.00 0.91 0.00 0.00 
120 0.000854 0.807632 0.000902 0.819941 0.00 0.76 0.93 0.87 0.83 0.86 0.75 0.90 0.65 0.61 0.62 0.87 0.00 0.90 0.00 0.00 
121 0.000846 0.808219 0.000924 0.812337 0.00 0.69 0.91 0.86 0.82 0.85 0.72 0.90 0.70 0.64 0.72 0.91 0.00 0.89 0.00 0.00 
122 0.000832 0.809211 0.000909 0.817840 0.00 0.74 0.92 0.87 0.82 0.88 0.72 0.91 0.69 0.57 0.68 0.88 0.00 0.88 0.00 0.00 
123 0.000840 0.807713 0.000901 0.819527 0.00 0.74 0.89 0.88 0.82 0.86 0.75 0.93 0.67 0.63 0.62 0.89 0.00 0.87 0.00 0.00 
124 0.000819 0.811781 0.000906 0.814438 0.00 0.69 0.92 0.84 0.84 0.86 0.74 0.90 0.67 0.61 0.73 0.86 0.00 0.91 0.00 0.00 
125 0.000819 0.811356 0.000950 0.809142 0.00 0.72 0.87 0.84 0.85 0.87 0.70 0.89 0.68 0.62 0.68 0.90 0.00 0.94 0.00 0.00 
126 0.000819 0.812490 0.000930 0.812012 0.00 0.72 0.90 0.83 0.82 0.84 0.74 0.90 0.70 0.65 0.67 0.91 0.00 0.92 0.00 0.00 
127 0.000810 0.813887 0.000936 0.810858 0.00 0.67 0.89 0.88 0.82 0.86 0.71 0.91 0.68 0.65 0.72 0.91 0.00 0.91 0.00 0.00 
128 0.000814 0.812510 0.000908 0.816006 0.00 0.71 0.91 0.86 0.82 0.85 0.75 0.90 0.69 0.61 0.69 0.90 0.00 0.92 0.00 0.00 
129 0.000815 0.811478 0.000907 0.816657 0.00 0.75 0.93 0.87 0.82 0.81 0.75 0.90 0.64 0.61 0.69 0.88 0.00 0.88 0.00 0.00 
130 0.000812 0.813178 0.000901 0.817781 0.00 0.74 0.90 0.87 0.82 0.88 0.73 0.89 0.68 0.59 0.66 0.91 0.00 0.90 0.00 0.00 
131 0.000805 0.814372 0.000915 0.819763 0.00 0.79 0.90 0.87 0.83 0.84 0.72 0.89 0.67 0.69 0.63 0.89 0.00 0.92 0.00 0.00 
132 0.000807 0.815020 0.000898 0.813994 0.00 0.73 0.90 0.85 0.84 0.88 0.74 0.91 0.64 0.57 0.65 0.85 0.00 0.90 0.00 0.00 
133 0.000805 0.814838 0.000932 0.814882 0.00 0.75 0.91 0.86 0.82 0.87 0.73 0.87 0.66 0.60 0.66 0.92 0.00 0.92 0.00 0.00 
134 0.000810 0.812915 0.000926 0.815030 0.00 0.70 0.89 0.87 0.85 0.87 0.72 0.92 0.69 0.59 0.66 0.90 0.00 0.89 0.00 0.00 
135 0.000796 0.817166 0.000910 0.819911 0.00 0.75 0.92 0.87 0.82 0.85 0.73 0.91 0.66 0.66 0.66 0.88 0.00 0.89 0.00 0.00 
136 0.000794 0.817267 0.000908 0.819024 0.00 0.76 0.92 0.87 0.82 0.87 0.72 0.92 0.68 0.63 0.63 0.87 0.00 0.87 0.00 0.00 
137 0.000791 0.818077 0.000949 0.807426 0.00 0.64 0.93 0.87 0.82 0.86 0.70 0.92 0.59 0.69 0.77 0.88 0.00 0.83 0.00 0.00 
138 0.000778 0.818866 0.000949 0.813343 0.00 0.68 0.92 0.88 0.83 0.89 0.69 0.91 0.63 0.60 0.72 0.88 0.00 0.90 0.00 0.00 
139 0.000782 0.817996 0.000914 0.817041 0.00 0.71 0.92 0.87 0.82 0.86 0.73 0.92 0.69 0.65 0.69 0.86 0.00 0.87 0.00 0.00 
140 0.000778 0.820749 0.000912 0.817633 0.00 0.75 0.92 0.85 0.83 0.85 0.74 0.88 0.70 0.63 0.67 0.90 0.00 0.90 0.00 0.00 
141 0.000765 0.825445 0.000913 0.817633 0.00 0.72 0.92 0.87 0.82 0.88 0.73 0.93 0.67 0.58 0.68 0.86 0.00 0.87 0.00 0.00 
142 0.000767 0.824798 0.000898 0.818018 0.00 0.76 0.92 0.83 0.83 0.86 0.75 0.90 0.66 0.60 0.65 0.89 0.00 0.91 0.00 0.00 
143 0.000749 0.828462 0.000912 0.821095 0.00 0.77 0.93 0.86 0.81 0.89 0.75 0.90 0.65 0.60 0.62 0.89 0.00 0.89 0.00 0.00 
144 0.000742 0.830304 0.000907 0.816805 0.00 0.77 0.91 0.85 0.83 0.82 0.75 0.89 0.68 0.68 0.59 0.91 0.00 0.90 0.00 0.00 
145 0.000741 0.829130 0.000906 0.816243 0.00 0.74 0.90 0.85 0.86 0.85 0.72 0.89 0.71 0.60 0.69 0.90 0.00 0.90 0.00 0.00 
146 0.000727 0.832449 0.000899 0.818343 0.00 0.73 0.93 0.85 0.82 0.86 0.74 0.91 0.67 0.67 0.65 0.87 0.00 0.91 0.00 0.00 
147 0.000725 0.832692 0.000912 0.817278 0.00 0.76 0.92 0.85 0.83 0.85 0.72 0.88 0.69 0.66 0.67 0.90 0.00 0.90 0.00 0.00 
148 0.000732 0.831802 0.000908 0.820178 0.00 0.77 0.93 0.86 0.82 0.86 0.73 0.89 0.68 0.66 0.64 0.88 0.00 0.89 0.00 0.00 
149 0.000719 0.835972 0.000923 0.817574 0.00 0.75 0.91 0.84 0.83 0.86 0.73 0.91 0.68 0.65 0.61 0.88 0.00 0.92 0.00 0.00 
150 0.000711 0.838239 0.000921 0.814734 0.00 0.74 0.93 0.87 0.82 0.81 0.73 0.90 0.66 0.66 0.68 0.88 0.00 0.88 0.00 0.00 
151 0.000708 0.838219 0.000925 0.813669 0.00 0.77 0.90 0.82 0.85 0.86 0.74 0.91 0.67 0.56 0.62 0.85 0.00 0.89 0.00 0.00 
152 0.000701 0.840951 0.000915 0.817101 0.00 0.74 0.93 0.87 0.82 0.86 0.75 0.89 0.67 0.60 0.63 0.88 0.00 0.90 0.00 0.00 
153 0.000696 0.842996 0.000934 0.816302 0.00 0.76 0.93 0.85 0.80 0.83 0.74 0.89 0.69 0.68 0.66 0.90 0.00 0.89 0.00 0.00 
154 0.000689 0.843968 0.000918 0.811420 0.00 0.73 0.91 0.82 0.83 0.86 0.74 0.89 0.69 0.56 0.70 0.90 0.00 0.92 0.00 0.00 
155 0.000694 0.842004 0.000909 0.814053 0.00 0.73 0.93 0.86 0.83 0.83 0.73 0.86 0.69 0.67 0.69 0.89 0.00 0.93 0.00 0.00 
156 0.000689 0.844534 0.000932 0.811923 0.00 0.73 0.90 0.85 0.82 0.81 0.75 0.90 0.68 0.64 0.67 0.90 0.00 0.92 0.00 0.00 
157 0.000679 0.846073 0.000916 0.816864 0.00 0.76 0.92 0.86 0.82 0.81 0.75 0.89 0.69 0.67 0.65 0.85 0.00 0.90 0.00 0.00 
158 0.000683 0.844656 0.000908 0.817633 0.00 0.75 0.91 0.86 0.84 0.86 0.72 0.89 0.66 0.62 0.69 0.91 0.00 0.90 0.00 0.00 
159 0.000674 0.847146 0.000945 0.813373 0.00 0.76 0.90 0.85 0.82 0.84 0.73 0.87 0.69 0.64 0.68 0.92 0.00 0.93 0.00 0.00 
160 0.000632 0.854838 0.000914 0.820799 0.00 0.78 0.92 0.87 0.82 0.86 0.74 0.89 0.68 0.62 0.61 0.90 0.00 0.90 0.00 0.00 
161 0.000625 0.857024 0.000912 0.814615 0.00 0.68 0.92 0.86 0.82 0.85 0.75 0.90 0.67 0.64 0.73 0.89 0.00 0.90 0.00 0.00 
162 0.000631 0.854352 0.000892 0.820858 0.00 0.78 0.91 0.84 0.84 0.85 0.75 0.90 0.70 0.63 0.64 0.89 0.00 0.90 0.00 0.00 
163 0.000626 0.856741 0.000903 0.819645 0.00 0.75 0.92 0.83 0.84 0.87 0.74 0.90 0.68 0.61 0.65 0.90 0.00 0.90 0.00 0.00 
164 0.000623 0.855445 0.000906 0.816686 0.00 0.75 0.91 0.87 0.83 0.85 0.72 0.90 0.68 0.64 0.66 0.89 0.00 0.91 0.00 0.00 
165 0.000613 0.858502 0.000882 0.819970 0.00 0.78 0.91 0.84 0.84 0.85 0.73 0.90 0.67 0.64 0.64 0.90 0.00 0.91 0.00 0.00 
166 0.000611 0.856761 0.000889 0.818047 0.00 0.76 0.92 0.85 0.83 0.82 0.76 0.87 0.69 0.64 0.68 0.90 0.00 0.91 0.00 0.00 
167 0.000610 0.859433 0.000900 0.818817 0.00 0.73 0.92 0.85 0.83 0.85 0.75 0.92 0.68 0.65 0.68 0.88 0.00 0.89 0.00 0.00 
168 0.000619 0.858077 0.000906 0.815888 0.00 0.73 0.93 0.87 0.82 0.83 0.74 0.88 0.69 0.67 0.68 0.89 0.00 0.90 0.00 0.00 
169 0.000611 0.858441 0.000887 0.819970 0.00 0.77 0.92 0.86 0.83 0.84 0.74 0.88 0.69 0.67 0.63 0.89 0.00 0.91 0.00 0.00 
170 0.000614 0.857854 0.000903 0.820592 0.00 0.76 0.92 0.86 0.82 0.86 0.74 0.89 0.68 0.66 0.64 0.91 0.00 0.90 0.00 0.00 
171 0.000610 0.858381 0.000894 0.820030 0.00 0.76 0.92 0.86 0.82 0.81 0.76 0.90 0.69 0.68 0.65 0.88 0.00 0.90 0.00 0.00 
172 0.000614 0.858907 0.000893 0.817308 0.00 0.74 0.93 0.86 0.82 0.85 0.73 0.89 0.68 0.65 0.68 0.88 0.00 0.89 0.00 0.00 
173 0.000605 0.858320 0.000916 0.817781 0.00 0.74 0.92 0.85 0.83 0.83 0.75 0.91 0.68 0.68 0.67 0.88 0.00 0.90 0.00 0.00 
174 0.000601 0.861964 0.000893 0.819438 0.00 0.73 0.93 0.86 0.82 0.85 0.77 0.89 0.70 0.61 0.66 0.88 0.00 0.90 0.00 0.00 
175 0.000599 0.860385 0.000902 0.817574 0.00 0.78 0.91 0.84 0.84 0.84 0.72 0.89 0.67 0.66 0.64 0.91 0.00 0.90 0.00 0.00 
176 0.000601 0.859494 0.000911 0.819024 0.00 0.79 0.92 0.85 0.84 0.84 0.73 0.89 0.67 0.65 0.61 0.89 0.00 0.90 0.00 0.00 
177 0.000601 0.860648 0.000886 0.818314 0.00 0.78 0.91 0.85 0.83 0.83 0.75 0.90 0.69 0.60 0.62 0.89 0.00 0.91 0.00 0.00 
178 0.000607 0.860405 0.000910 0.818225 0.00 0.74 0.92 0.86 0.82 0.82 0.75 0.89 0.68 0.68 0.69 0.90 0.00 0.91 0.00 0.00 
179 0.000605 0.858968 0.000913 0.817811 0.00 0.78 0.93 0.83 0.83 0.84 0.76 0.88 0.67 0.64 0.61 0.90 0.00 0.92 0.00 0.00 
180 0.000597 0.861478 0.000916 0.812870 0.00 0.77 0.91 0.86 0.84 0.82 0.71 0.88 0.67 0.65 0.66 0.91 0.00 0.93 0.00 0.00 
181 0.000595 0.861538 0.000930 0.814852 0.00 0.75 0.92 0.85 0.80 0.84 0.75 0.87 0.70 0.66 0.64 0.92 0.00 0.90 0.00 0.00 
182 0.000594 0.862186 0.000903 0.818994 0.00 0.80 0.93 0.86 0.82 0.81 0.73 0.88 0.68 0.70 0.64 0.88 0.00 0.90 0.00 0.00 
183 0.000606 0.858360 0.000905 0.815562 0.00 0.72 0.93 0.87 0.81 0.83 0.75 0.87 0.69 0.67 0.70 0.90 0.00 0.91 0.00 0.00 
184 0.000599 0.859332 0.000896 0.819260 0.00 0.76 0.92 0.85 0.84 0.83 0.73 0.90 0.68 0.64 0.65 0.89 0.00 0.91 0.00 0.00 
185 0.000592 0.862773 0.000908 0.812337 0.00 0.69 0.92 0.84 0.84 0.79 0.76 0.90 0.68 0.70 0.73 0.89 0.00 0.91 0.00 0.00 
186 0.000593 0.862449 0.000897 0.821627 0.00 0.79 0.91 0.86 0.83 0.85 0.74 0.90 0.68 0.61 0.58 0.89 0.00 0.92 0.00 0.00 
187 0.000595 0.861113 0.000909 0.815769 0.00 0.76 0.90 0.85 0.83 0.82 0.75 0.90 0.69 0.65 0.63 0.91 0.00 0.90 0.00 0.00 
188 0.000594 0.861721 0.000910 0.818462 0.00 0.73 0.92 0.85 0.83 0.84 0.74 0.91 0.68 0.63 0.69 0.89 0.00 0.90 0.00 0.00 
189 0.000586 0.864049 0.000919 0.814053 0.00 0.73 0.91 0.85 0.84 0.85 0.72 0.89 0.66 0.65 0.70 0.90 0.00 0.90 0.00 0.00 
190 0.000589 0.864008 0.000917 0.813639 0.00 0.76 0.91 0.83 0.82 0.82 0.72 0.88 0.72 0.70 0.70 0.90 0.00 0.90 0.00 0.00 
191 0.000581 0.863522 0.000903 0.818728 0.00 0.75 0.92 0.87 0.82 0.84 0.73 0.88 0.68 0.67 0.69 0.90 0.00 0.91 0.00 0.00 
192 0.000578 0.864595 0.000895 0.818728 0.00 0.75 0.92 0.84 0.84 0.84 0.73 0.91 0.70 0.62 0.67 0.88 0.00 0.90 0.00 0.00 
193 0.000585 0.863968 0.000907 0.820355 0.00 0.78 0.92 0.85 0.82 0.84 0.74 0.91 0.68 0.64 0.63 0.90 0.00 0.91 0.00 0.00 
194 0.000579 0.864312 0.000914 0.812456 0.00 0.72 0.92 0.83 0.82 0.83 0.73 0.89 0.68 0.68 0.73 0.89 0.00 0.90 0.00 0.00 
195 0.000573 0.864676 0.000920 0.817219 0.00 0.76 0.92 0.86 0.82 0.81 0.74 0.89 0.70 0.67 0.67 0.91 0.00 0.91 0.00 0.00 
196 0.000580 0.864393 0.000932 0.814467 0.00 0.72 0.91 0.85 0.84 0.85 0.71 0.90 0.67 0.67 0.71 0.89 0.00 0.89 0.00 0.00 
197 0.000563 0.868117 0.000900 0.815828 0.00 0.73 0.93 0.84 0.84 0.85 0.71 0.89 0.70 0.65 0.68 0.87 0.00 0.91 0.00 0.00 
198 0.000566 0.866984 0.000890 0.817574 0.00 0.77 0.91 0.84 0.83 0.82 0.75 0.88 0.70 0.65 0.63 0.90 0.00 0.93 0.00 0.00 
199 0.000566 0.868806 0.000901 0.817722 0.00 0.75 0.92 0.84 0.83 0.85 0.73 0.89 0.69 0.60 0.69 0.90 0.00 0.91 0.00 0.00 
