Epoch Train_Loss Train_Accuracy Test_Loss Test_Accuracy
0 0.043072 0.514615 0.028836 0.677196 0.92 0.44 0.85 0.80 0.62 0.84 0.66 0.34 0.62 0.27 0.17 0.80 0.96 0.93 0.89 0.65 
1 0.030108 0.668269 0.022236 0.763349 0.91 0.63 0.85 0.82 0.67 0.73 0.70 0.68 0.67 0.69 0.47 0.81 0.99 0.88 0.92 0.92 
2 0.025999 0.717997 0.019760 0.789247 0.93 0.70 0.89 0.86 0.75 0.83 0.75 0.66 0.71 0.58 0.48 0.74 0.99 0.91 0.90 0.90 
3 0.023504 0.744936 0.018129 0.805833 0.95 0.66 0.91 0.89 0.82 0.87 0.69 0.72 0.70 0.58 0.60 0.79 0.98 0.91 0.86 0.88 
4 0.021888 0.762196 0.017252 0.813429 0.94 0.76 0.95 0.89 0.81 0.83 0.70 0.66 0.64 0.76 0.57 0.76 0.99 0.91 0.92 0.90 
5 0.020710 0.773830 0.016664 0.815833 0.96 0.76 0.93 0.95 0.82 0.78 0.76 0.74 0.64 0.63 0.47 0.76 0.99 0.93 0.90 0.90 
6 0.019620 0.786186 0.015221 0.836795 0.96 0.76 0.86 0.89 0.83 0.79 0.77 0.79 0.76 0.79 0.66 0.85 0.98 0.91 0.90 0.93 
7 0.018934 0.794535 0.014453 0.842115 0.95 0.76 0.92 0.92 0.88 0.84 0.79 0.71 0.72 0.69 0.62 0.90 0.98 0.94 0.91 0.92 
8 0.018398 0.799856 0.014667 0.841939 0.97 0.80 0.90 0.93 0.85 0.89 0.72 0.76 0.70 0.58 0.67 0.84 0.99 0.95 0.92 0.89 
9 0.017681 0.807163 0.013584 0.851250 0.97 0.85 0.88 0.89 0.90 0.83 0.74 0.82 0.83 0.72 0.50 0.86 0.98 0.96 0.90 0.92 
10 0.017217 0.811923 0.012719 0.862372 0.95 0.84 0.92 0.90 0.89 0.78 0.79 0.82 0.81 0.79 0.61 0.88 0.99 0.92 0.95 0.95 
11 0.016655 0.817212 0.013117 0.857756 0.97 0.72 0.92 0.93 0.89 0.84 0.83 0.79 0.77 0.73 0.65 0.87 0.98 0.93 0.94 0.95 
12 0.016213 0.823093 0.011922 0.868317 0.97 0.80 0.93 0.92 0.91 0.84 0.80 0.84 0.73 0.78 0.64 0.87 0.99 0.96 0.91 0.94 
13 0.015731 0.827596 0.011418 0.873013 0.96 0.79 0.93 0.90 0.90 0.90 0.82 0.82 0.85 0.69 0.64 0.90 0.99 0.94 0.95 0.96 
14 0.015469 0.829503 0.011522 0.873061 0.97 0.78 0.94 0.93 0.89 0.88 0.81 0.76 0.85 0.78 0.64 0.88 0.99 0.94 0.97 0.98 
15 0.015584 0.829407 0.011343 0.877901 0.95 0.87 0.94 0.94 0.89 0.82 0.83 0.82 0.78 0.85 0.53 0.90 0.99 0.95 0.97 0.95 
16 0.014683 0.839856 0.011125 0.878173 0.94 0.80 0.92 0.95 0.91 0.90 0.83 0.86 0.78 0.65 0.64 0.88 0.98 0.94 0.96 0.97 
17 0.014383 0.843077 0.010736 0.882516 0.97 0.81 0.95 0.95 0.91 0.81 0.82 0.82 0.82 0.86 0.71 0.87 0.98 0.96 0.96 0.96 
18 0.014069 0.845112 0.010981 0.880048 0.96 0.79 0.94 0.95 0.95 0.84 0.77 0.82 0.79 0.87 0.69 0.89 0.98 0.96 0.95 0.97 
19 0.013829 0.846715 0.010421 0.886362 0.97 0.82 0.94 0.91 0.92 0.87 0.82 0.88 0.86 0.82 0.69 0.81 0.99 0.96 0.92 0.95 
20 0.012002 0.867676 0.008723 0.905609 0.98 0.78 0.94 0.96 0.94 0.89 0.83 0.90 0.85 0.86 0.76 0.91 0.99 0.97 0.97 0.98 
21 0.011644 0.871619 0.008090 0.911875 0.97 0.83 0.95 0.96 0.94 0.88 0.86 0.90 0.90 0.84 0.74 0.90 0.99 0.97 0.99 0.97 
22 0.011282 0.874455 0.007912 0.912612 0.97 0.86 0.94 0.96 0.94 0.90 0.87 0.91 0.89 0.81 0.69 0.90 0.99 0.98 0.96 0.98 
23 0.011125 0.876394 0.008200 0.908494 0.98 0.85 0.94 0.97 0.94 0.86 0.82 0.88 0.83 0.92 0.69 0.94 0.99 0.98 0.98 0.98 
24 0.010933 0.877548 0.007900 0.912067 0.98 0.81 0.94 0.97 0.94 0.88 0.87 0.91 0.87 0.86 0.74 0.90 1.00 0.98 0.95 0.98 
25 0.010729 0.881186 0.007814 0.914327 0.98 0.83 0.95 0.96 0.96 0.86 0.86 0.92 0.82 0.87 0.75 0.92 0.99 0.98 0.98 0.98 
26 0.010464 0.883029 0.007397 0.917179 0.98 0.83 0.96 0.96 0.94 0.89 0.89 0.89 0.86 0.84 0.76 0.90 1.00 0.98 0.99 0.99 
27 0.010458 0.883590 0.007027 0.923109 0.98 0.90 0.96 0.96 0.96 0.89 0.87 0.92 0.90 0.86 0.67 0.92 0.99 0.99 0.98 0.99 
28 0.010227 0.885497 0.007188 0.920497 0.98 0.84 0.96 0.95 0.96 0.90 0.89 0.88 0.90 0.85 0.75 0.93 0.98 0.99 0.98 0.99 
29 0.010102 0.887708 0.007099 0.921731 0.99 0.89 0.94 0.96 0.96 0.84 0.88 0.92 0.92 0.89 0.69 0.93 0.99 0.98 0.98 0.98 
