Epoch Train_Loss Train_Accuracy Test_Loss Test_Accuracy
0 0.037829 0.590785 0.023069 0.754744 0.92 0.57 0.94 0.87 0.81 0.79 0.69 0.59 0.59 0.46 0.63 0.53 0.90 0.81 0.92 0.93 
1 0.025468 0.723446 0.018080 0.807228 0.95 0.59 0.93 0.87 0.85 0.79 0.70 0.67 0.65 0.78 0.68 0.78 0.99 0.92 0.90 0.94 
2 0.022096 0.761250 0.017444 0.802404 0.92 0.81 0.93 0.89 0.87 0.76 0.71 0.79 0.60 0.80 0.06 0.74 0.98 0.88 0.94 0.94 
3 0.020217 0.780769 0.016770 0.813429 0.98 0.74 0.90 0.87 0.76 0.80 0.73 0.74 0.56 0.84 0.60 0.70 0.99 0.96 0.89 0.91 
4 0.018721 0.798333 0.015007 0.835513 0.96 0.75 0.94 0.90 0.85 0.72 0.77 0.79 0.69 0.86 0.57 0.86 0.97 0.90 0.90 0.95 
5 0.017588 0.809375 0.013835 0.844631 0.96 0.58 0.92 0.93 0.87 0.77 0.77 0.84 0.68 0.87 0.76 0.87 0.99 0.92 0.92 0.95 
6 0.016870 0.815192 0.012961 0.859808 0.97 0.79 0.94 0.91 0.88 0.90 0.77 0.81 0.80 0.66 0.57 0.89 0.98 0.98 0.91 0.89 
7 0.015834 0.826058 0.012176 0.863814 0.97 0.81 0.93 0.92 0.89 0.89 0.82 0.71 0.84 0.77 0.47 0.89 0.99 0.95 0.96 0.97 
8 0.015160 0.832548 0.011456 0.872853 0.98 0.71 0.94 0.96 0.88 0.88 0.83 0.79 0.72 0.80 0.70 0.90 0.99 0.94 0.97 0.98 
9 0.014637 0.838654 0.011422 0.874135 0.97 0.75 0.93 0.90 0.91 0.82 0.81 0.86 0.77 0.87 0.73 0.88 1.00 0.97 0.86 0.99 
10 0.014186 0.843301 0.010896 0.881603 0.98 0.76 0.89 0.93 0.90 0.91 0.81 0.81 0.81 0.80 0.74 0.93 0.99 0.95 0.97 0.98 
11 0.013704 0.851218 0.010698 0.881378 0.99 0.71 0.94 0.94 0.95 0.89 0.83 0.84 0.73 0.77 0.73 0.89 0.99 0.98 0.92 0.97 
12 0.013708 0.850321 0.010757 0.880689 0.99 0.74 0.92 0.93 0.91 0.84 0.84 0.85 0.73 0.88 0.72 0.92 0.99 0.96 0.96 0.96 
13 0.012842 0.857756 0.009603 0.895994 0.99 0.81 0.94 0.93 0.93 0.92 0.84 0.81 0.80 0.81 0.73 0.94 0.99 0.96 0.98 0.96 
14 0.012417 0.863510 0.009293 0.898990 0.98 0.79 0.93 0.93 0.91 0.90 0.86 0.90 0.89 0.78 0.72 0.89 1.00 0.94 0.99 0.98 
15 0.012316 0.865946 0.009300 0.898926 0.98 0.81 0.90 0.94 0.94 0.89 0.81 0.91 0.87 0.83 0.70 0.94 0.99 0.98 0.95 0.97 
16 0.011926 0.868141 0.009739 0.887628 0.99 0.66 0.95 0.95 0.94 0.89 0.77 0.85 0.82 0.89 0.83 0.87 0.97 0.96 0.98 0.98 
